0.000000 0.000000 0.000000
0.000000 0.000000 19.063650
0.000000 0.000000 38.127299
0.000000 0.000000 57.190949
0.000000 0.000000 76.254599
0.000000 0.000000 95.318248
0.000000 0.000000 114.381898
0.000000 0.000000 133.445548
0.000000 0.000000 152.509197
0.000000 0.000000 171.572847
0.000000 0.000000 190.636496
0.000000 0.000000 209.700146
0.000000 0.000000 228.763796
0.000000 0.000000 247.827445
0.000000 0.000000 266.891095
0.000000 0.000000 285.954745
0.000000 0.000000 305.018394
0.000000 0.000000 324.082044
0.000000 0.000000 343.145694
0.000000 0.000000 362.209343
0.000000 0.000000 381.272993
0.000000 0.000000 400.336643
0.000000 0.000000 438.463942
0.000000 0.000000 457.527591
0.000000 0.000000 495.654891
0.000000 0.000000 552.845840
0.000000 0.000000 571.909489
0.000000 0.000000 590.973139
0.000000 0.000000 610.036789
0.000000 0.000000 648.164088
0.000000 0.000000 667.227738
0.000000 0.000000 686.291387
0.000000 0.000000 705.355037
0.000000 0.000000 724.418686
0.000000 0.000000 762.545986
0.000000 0.000000 781.609635
0.000000 0.000000 819.736935
0.000000 0.000000 838.800584
0.000000 0.000000 857.864234
0.000000 0.000000 915.055183
0.000000 0.000000 953.182482
0.000000 0.000000 972.246132
0.000000 0.000000 991.309781
0.000000 0.000000 1048.500730
0.000000 0.000000 1105.691679
0.000000 0.000000 1124.755329
0.000000 0.000000 1143.818979
0.000000 0.000000 1162.882628
0.000000 0.000000 1277.264526
0.000000 0.000000 1296.328176
0.000000 0.000000 1334.455475
0.000000 0.000000 1353.519125
0.000000 0.000000 1467.901023
0.000000 0.000000 1486.964672
0.000000 0.000000 1506.028322
0.000000 0.000000 1525.091971
0.000000 0.000000 1544.155621
0.000000 0.000000 1563.219271
0.000000 0.000000 1601.346570
0.000000 0.000000 1677.601169
0.000000 0.000000 1696.664818
0.000000 0.000000 1811.046716
0.000000 0.000000 1849.174015
0.000000 0.000000 1906.364964
0.000000 0.000000 2001.683213
0.000000 0.000000 2230.447008
0.000000 0.000000 2287.637957
0.000000 0.000000 2535.465403
0.000000 0.000000 2630.783651
0.000000 0.000000 2668.910950
0.000000 0.000000 2764.229198
0.000000 0.000000 2859.547446
0.000000 0.000000 3069.247593
0.000000 0.000000 3259.884089
0.000000 0.000000 3278.947739
0.000000 0.000000 3374.265987
0.000000 0.000000 3603.029783
0.000000 0.000000 3908.048177
0.000000 0.000000 4060.557374
0.000000 0.000000 4098.684673
0.000000 0.000000 4174.939272
0.000000 0.000000 4632.466863
0.000000 0.000000 4708.721462
0.000000 0.000000 4746.848761
0.000000 0.000000 4784.976060
0.000000 0.000000 4880.294309
0.000000 0.000000 5013.739856
0.000000 0.000000 5337.821900
0.000000 0.000000 5566.585696
0.000000 0.000000 5604.712995
0.000000 0.000000 5642.840294
0.000000 0.000000 5795.349492
0.000000 0.000000 5928.795039
0.000000 0.000000 5985.985988
0.000000 0.000000 6233.813433
0.000000 0.000000 6291.004382
0.000000 0.000000 6405.386280
0.000000 0.000000 6710.404674
0.000000 0.000000 6824.786572
0.000000 0.000000 6881.977521
0.000000 0.000000 6977.295769
0.000000 0.000000 7110.741317
0.000000 0.000000 7167.932266
0.000000 0.000000 7282.314164
0.000000 0.000000 7358.568762
0.000000 0.000000 7377.632412
0.000000 0.000000 7434.823361
0.000000 0.000000 7625.459857
0.000000 0.000000 7644.523507
0.000000 0.000000 7682.650806
0.000000 0.000000 7777.969054
0.000000 0.000000 7816.096354
0.000000 0.000000 7930.478252
0.000000 0.000000 8025.796500
0.000000 0.000000 8063.923799
0.000000 0.000000 8121.114748
0.000000 0.000000 8521.451390
0.000000 0.000000 8597.705989
0.000000 0.000000 8654.896938
0.000000 0.000000 8921.788033
0.000000 0.000000 8978.978982
0.000000 0.000000 9474.633873
0.000000 0.000000 9493.697522
0.000000 0.000000 9569.952121
0.000000 0.000000 9665.270369
0.000000 0.000000 9817.779566
0.000000 0.000000 10332.498107
0.000000 0.000000 10408.752705
0.000000 0.000000 10446.880004
0.000000 0.000000 10675.643800
0.000000 0.000000 10694.707450
0.000000 0.000000 11781.335479
0.000000 0.000000 13115.790954
0.000000 0.000000 13268.300152
0.000000 0.000000 13649.573144
0.000000 0.000000 14126.164386
0.000000 0.000000 14202.418984
0.000000 0.000000 14221.482634
0.000000 0.000000 14259.609933
0.000000 0.000000 14507.437378
0.000000 0.000000 14621.819276
0.000000 0.000000 14793.392123
0.000000 0.000000 14945.901320
0.000000 0.000000 15022.155919
0.000000 0.000000 15384.365262
0.000000 0.000000 15460.619861
0.000000 0.000000 15498.747160
0.000000 0.000000 15670.320007
0.000000 0.000000 15765.638255
0.000000 0.000000 15899.083802
0.000000 0.000000 15937.211102
0.000000 0.000000 16242.229496
0.000000 0.000000 16337.547744
0.000000 0.000000 16394.738693
0.000000 0.000000 16566.311540
0.000000 0.000000 16604.438839
0.000000 0.000000 16623.502489
0.000000 0.000000 16795.075336
0.000000 0.000000 16928.520883
0.000000 0.000000 16966.648182
0.000000 0.000000 17023.839131
0.000000 0.000000 17233.539277
0.000000 0.000000 17519.494022
0.000000 0.000000 17576.684971
0.000000 0.000000 17614.812270
0.000000 0.000000 17977.021613
0.000000 0.000000 18167.658110
0.000000 0.000000 18186.721760
0.000000 0.000000 18205.785409
0.000000 0.000000 18282.040008
0.000000 0.000000 18567.994752
0.000000 0.000000 18777.694898
0.000000 0.000000 18796.758548
0.000000 0.000000 18873.013147
0.000000 0.000000 19006.458694
0.000000 0.000000 19082.713293
0.000000 0.000000 19158.967891
0.000000 0.000000 19311.477088
0.000000 0.000000 19463.986286
0.000000 0.000000 19540.240884
0.000000 0.000000 19597.431833
0.000000 0.000000 19769.004680
0.000000 0.000000 19902.450227
0.000000 0.000000 20054.959425
0.000000 0.000000 20112.150373
0.000000 0.000000 20207.468622
0.000000 0.000000 20226.532271
0.000000 0.000000 20321.850520
0.000000 0.000000 20455.296067
0.000000 0.000000 20664.996213
0.000000 0.000000 21065.332856
0.000000 0.000000 21084.396505
0.000000 0.000000 21141.587454
0.000000 0.000000 21160.651104
0.000000 0.000000 21179.714754
0.000000 0.000000 21389.414900
0.000000 0.000000 21427.542199
0.000000 0.000000 21599.115046
0.000000 0.000000 21866.006141
0.000000 0.000000 21961.324389
0.000000 0.000000 22037.578987
0.000000 0.000000 22132.897236
0.000000 0.000000 22304.470082
0.000000 0.000000 22380.724681
0.000000 0.000000 22495.106579
0.000000 0.000000 22647.615776
0.000000 0.000000 22761.997674
0.000000 0.000000 22990.761470
0.000000 0.000000 23009.825119
0.000000 0.000000 23028.888769
0.000000 0.000000 23047.952419
0.000000 0.000000 23333.907163
0.000000 0.000000 23524.543660
0.000000 0.000000 23543.607309
0.000000 0.000000 23982.071251
0.000000 0.000000 24039.262200
0.000000 0.000000 24248.962346
0.000000 0.000000 24363.344244
0.000000 0.000000 24458.662492
0.000000 0.000000 24573.044390
0.000000 0.000000 24954.317383
0.000000 0.000000 25106.826580
0.000000 0.000000 25297.463076
0.000000 0.000000 25430.908624
0.000000 0.000000 25678.736069
0.000000 0.000000 25869.372566
0.000000 0.000000 26021.881763
0.000000 0.000000 26345.963807
0.000000 0.000000 26441.282055
0.000000 0.000000 26612.854902
0.000000 0.000000 26650.982201
0.000000 0.000000 26822.555048
0.000000 0.000000 27203.828041
0.000000 0.000000 27261.018990
0.000000 0.000000 27337.273588
0.000000 0.000000 27375.400888
0.000000 0.000000 27432.591836
0.000000 0.000000 27451.655486
0.000000 0.000000 27546.973734
0.000000 0.000000 27623.228333
0.000000 0.000000 27661.355632
0.000000 0.000000 27680.419282
0.000000 0.000000 27756.673880
0.000000 0.000000 27794.801180
0.000000 0.000000 27909.183078
0.000000 0.000000 28118.883224
0.000000 0.000000 28309.519720
0.000000 0.000000 28385.774319
0.000000 0.000000 28462.028917
0.000000 0.000000 28595.474465
0.000000 0.000000 28633.601764
0.000000 0.000000 28767.047311
0.000000 0.000000 28938.620158
0.000000 0.000000 29129.256655
0.000000 0.000000 29186.447604
0.000000 0.000000 29529.593297
0.000000 0.000000 29624.911545
0.000000 0.000000 29643.975195
0.000000 0.000000 29682.102494
0.000000 0.000000 29929.929940
0.000000 0.000000 30215.884684
0.000000 0.000000 30349.330232
0.000000 0.000000 30463.712130
0.000000 0.000000 30654.348626
0.000000 0.000000 31169.067166
0.000000 0.000000 31550.340159
0.000000 0.000000 31588.467459
0.000000 0.000000 31836.294904
0.000000 0.000000 31931.613152
0.000000 0.000000 32236.631547
0.000000 0.000000 32408.204393
0.000000 0.000000 32484.458992
0.000000 0.000000 32598.840890
0.000000 0.000000 32941.986583
0.000000 0.000000 33056.368481
0.000000 0.000000 33132.623080
0.000000 0.000000 33151.686729
0.000000 0.000000 33266.068627
0.000000 0.000000 33285.132277
0.000000 0.000000 33304.195927
0.000000 0.000000 33361.386875
0.000000 0.000000 33418.577824
0.000000 0.000000 33780.787168
0.000000 0.000000 33818.914467
0.000000 0.000000 33857.041766
0.000000 0.000000 33895.169065
0.000000 0.000000 34123.932861
0.000000 0.000000 34142.996511
0.000000 0.000000 34371.760307
0.000000 0.000000 34695.842350
0.000000 0.000000 34714.906000
0.000000 0.000000 34962.733445
0.000000 0.000000 34981.797095
0.000000 0.000000 35038.988044
0.000000 0.000000 35191.497241
0.000000 0.000000 35267.751840
0.000000 0.000000 35687.152132
0.000000 0.000000 35725.279431
0.000000 0.000000 35763.406730
0.000000 0.000000 35858.724979
0.000000 0.000000 35915.915928
0.000000 0.000000 35934.979577
0.000000 0.000000 35992.170526
0.000000 0.000000 36125.616074
0.000000 0.000000 36144.679723
0.000000 0.000000 36182.807023
0.000000 0.000000 36220.934322
0.000000 0.000000 36316.252570
0.000000 0.000000 36525.952716
0.000000 0.000000 36545.016366
0.000000 0.000000 36564.080015
0.000000 0.000000 36583.143665
0.000000 0.000000 36621.270964
0.000000 0.000000 36964.416658
0.000000 0.000000 37021.607607
0.000000 0.000000 37078.798556
0.000000 0.000000 37097.862206
0.000000 0.000000 37174.116804
0.000000 0.000000 37250.371403
0.000000 0.000000 37269.435052
0.000000 0.000000 37288.498702
0.000000 0.000000 37326.626001
0.000000 0.000000 37364.753301
0.000000 0.000000 37402.880600
0.000000 0.000000 37421.944249
0.000000 0.000000 37460.071549
0.000000 0.000000 37498.198848
0.000000 0.000000 37593.517096
0.000000 0.000000 37612.580746
0.000000 0.000000 37669.771695
0.000000 0.000000 37707.898994
0.000000 0.000000 37746.026293
0.000000 0.000000 37879.471841
0.000000 0.000000 37898.535491
0.000000 0.000000 38070.108337
0.000000 0.000000 38108.235637
0.000000 0.000000 38146.362936
0.000000 0.000000 38222.617534
0.000000 0.000000 38241.681184
0.000000 0.000000 38317.935783
0.000000 0.000000 38394.190381
0.000000 0.000000 38432.317681
0.000000 0.000000 38470.444980
0.000000 0.000000 38527.635929
0.000000 0.000000 38584.826878
0.000000 0.000000 38603.890527
0.000000 0.000000 38622.954177
0.000000 0.000000 38699.208776
0.000000 0.000000 38737.336075
0.000000 0.000000 38985.163520
0.000000 0.000000 39023.290819
0.000000 0.000000 39042.354469
0.000000 0.000000 39137.672717
0.000000 0.000000 39328.309214
0.000000 0.000000 39461.754761
0.000000 0.000000 39538.009360
0.000000 0.000000 39690.518557
0.000000 0.000000 39709.582207
0.000000 0.000000 39728.645856
0.000000 0.000000 39804.900455
0.000000 0.000000 39823.964104
0.000000 0.000000 39976.473302
0.000000 0.000000 40033.664251
0.000000 0.000000 40071.791550
0.000000 0.000000 40090.855199
0.000000 0.000000 40109.918849
0.000000 0.000000 40128.982499
0.000000 0.000000 40167.109798
0.000000 0.000000 40224.300747
0.000000 0.000000 40281.491696
0.000000 0.000000 40376.809944
0.000000 0.000000 40453.064543
0.000000 0.000000 40586.510090
0.000000 0.000000 40662.764689
0.000000 0.000000 40700.891988
0.000000 0.000000 40796.210236
0.000000 0.000000 41082.164981
0.000000 0.000000 41101.228631
0.000000 0.000000 41139.355930
0.000000 0.000000 41158.419579
0.000000 0.000000 41177.483229
0.000000 0.000000 41196.546879
0.000000 0.000000 41253.737828
0.000000 0.000000 41368.119726
0.000000 0.000000 41501.565273
0.000000 0.000000 41520.628923
0.000000 0.000000 41577.819872
0.000000 0.000000 41615.947171
0.000000 0.000000 41654.074470
0.000000 0.000000 41692.201769
0.000000 0.000000 41768.456368
0.000000 0.000000 41787.520018
0.000000 0.000000 41978.156514
0.000000 0.000000 42016.283813
0.000000 0.000000 42035.347463
0.000000 0.000000 42111.602062
0.000000 0.000000 42168.793011
0.000000 0.000000 42397.556806
0.000000 0.000000 42416.620456
0.000000 0.000000 42435.684106
0.000000 0.000000 42454.747755
0.000000 0.000000 42511.938704
0.000000 0.000000 42550.066003
0.000000 0.000000 42588.193303
0.000000 0.000000 42626.320602
0.000000 0.000000 42645.384252
0.000000 0.000000 42702.575201
0.000000 0.000000 42721.638850
0.000000 0.000000 42740.702500
0.000000 0.000000 42759.766150
0.000000 0.000000 42797.893449
0.000000 0.000000 42855.084398
0.000000 0.000000 42874.148047
0.000000 0.000000 42893.211697
0.000000 0.000000 42950.402646
0.000000 0.000000 42988.529945
0.000000 0.000000 43007.593595
0.000000 0.000000 43026.657245
0.000000 0.000000 43064.784544
0.000000 0.000000 43160.102792
0.000000 0.000000 43236.357391
0.000000 0.000000 43274.484690
0.000000 0.000000 43293.548340
0.000000 0.000000 43312.611989
0.000000 0.000000 43331.675639
0.000000 0.000000 43388.866588
0.000000 0.000000 43426.993887
0.000000 0.000000 43484.184836
0.000000 0.000000 43503.248486
0.000000 0.000000 43541.375785
0.000000 0.000000 43579.503084
0.000000 0.000000 43674.821332
0.000000 0.000000 43808.266880
0.000000 0.000000 43846.394179
0.000000 0.000000 43865.457829
0.000000 0.000000 43922.648778
0.000000 0.000000 43979.839727
0.000000 0.000000 44075.157975
0.000000 0.000000 44094.221625
0.000000 0.000000 44132.348924
0.000000 0.000000 44189.539873
0.000000 0.000000 44246.730822
0.000000 0.000000 44322.985420
0.000000 0.000000 44380.176369
-0.099995 0.000000 44418.303668
0.000000 0.000000 44437.367318
0.000000 0.000000 44456.430968
0.000000 0.000000 44475.494617
0.000000 0.000000 44513.621917
0.000000 0.000000 44570.812866
0.000000 0.000000 44608.940165
0.000003 0.000000 44647.067464
0.000000 0.000000 44704.258413
0.000000 0.000000 44818.640311
0.000000 0.000000 44856.767610
0.000000 0.000000 44971.149508
0.000000 0.000000 45161.786005
0.000000 0.000000 45238.040603
0.000000 0.000000 45257.104253
0.000000 0.000000 45295.231552
0.000000 0.000000 45314.295202
0.000000 0.000000 45352.422501
0.000000 0.000000 45390.549800
0.000000 0.000000 45409.613450
0.000000 0.000000 45428.677100
0.000000 0.000000 45447.740749
0.000000 0.000000 45466.804399
0.000000 0.000000 45504.931698
0.000000 0.000000 45562.122647
0.000000 0.000000 45581.186297
0.000000 0.000000 45619.313596
0.000000 0.000000 45752.759143
0.000000 0.000000 45809.950092
0.000000 0.000000 45867.141041
0.000000 0.000000 45905.268341
0.000000 0.000000 45943.395640
0.000000 0.000000 45981.522939
0.000000 0.000000 46076.841187
0.000008 0.000000 46191.223085
0.000000 0.000000 46286.541333
0.000000 0.000000 46324.668633
0.000000 0.000000 46400.923231
0.000000 0.000000 46496.241480
0.000000 0.000000 46686.877976
0.000000 0.000000 46839.387173
0.000000 0.000000 46877.514472
0.000000 0.000000 46896.578122
0.000004 0.000000 46915.641772
0.000000 0.000000 47010.960020
0.000000 0.000000 47030.023670
0.000003 0.000000 47068.150969
0.000000 0.000000 47144.405567
0.000000 0.000000 47163.469217
0.000000 0.000000 47201.596516
0.000000 0.000000 47220.660166
0.000000 0.000000 47296.914765
0.000000 0.000000 47315.978414
0.000000 0.000000 47354.105714
0.000000 0.000000 47430.360312
0.000000 0.000000 47449.423962
0.000000 0.000000 47468.487611
0.000000 0.000000 47487.551261
0.000000 0.000000 47582.869509
0.000000 0.000000 47620.996809
0.000000 0.000000 47659.124108
0.000000 0.000000 47716.315057
0.000000 0.000000 47792.569655
0.000000 0.000000 47811.633305
0.000000 0.000000 47830.696955
0.000000 0.000000 47868.824254
0.000000 0.000000 47945.078852
0.000000 0.000000 48154.778999
-0.099996 0.000000 48211.969947
0.000000 0.000000 48459.797393
0.000000 0.000000 48574.179291
0.000000 0.000000 48650.433889
0.000000 0.000000 48822.006736
0.000000 0.000000 48841.070386
0.000000 0.000000 48860.134035
0.000000 0.000000 48936.388634
0.000000 0.000000 48974.515933
0.000000 0.000000 49107.961481
0.000000 0.000000 49127.025130
0.000000 0.000000 49146.088780
0.000000 0.000000 49184.216079
0.000000 0.000000 49203.279729
0.000000 0.000000 49241.407028
0.000000 0.000000 49279.534327
0.000000 0.000000 49317.661627
0.000000 0.000000 49336.725276
0.000005 0.000000 49355.788926
0.000000 0.000000 49393.916225
0.000000 0.000000 49432.043525
0.000000 0.000000 49451.107174
0.000000 0.000000 49508.298123
0.000000 0.000000 49546.425422
0.000003 0.000000 49565.489072
0.000000 0.000000 49584.552722
0.000000 0.000000 49603.616371
0.000000 0.000000 49679.870970
0.000000 0.000000 49717.998269
0.000000 0.000000 49832.380167
0.000000 0.000000 49870.507466
0.000000 0.000000 49908.634766
0.000000 0.000000 49927.698415
0.000000 0.000000 50042.080313
0.000000 0.000000 50080.207612
0.000000 0.000000 50156.462211
0.000000 0.000000 50289.907759
0.000000 0.000000 50308.971408
0.000000 0.000000 50347.098707
0.000000 0.000000 50423.353306
0.000000 0.000000 50480.544255
0.000000 0.000000 50499.607905
0.000000 0.000000 50556.798854
0.000000 0.000000 50652.117102
0.000000 0.000000 50671.180751
0.000000 0.000000 50747.435350
0.000000 0.000000 50861.817248
0.000000 0.000000 50919.008197
0.000000 0.000000 51109.644693
0.000000 0.000000 51128.708343
0.000000 0.000000 51147.771992
0.000000 0.000000 51204.962941
0.000000 0.000000 51224.026591
0.000000 0.000000 51262.153890
0.000000 0.000000 51281.217540
0.000006 0.000000 51300.281190
0.000000 0.000000 51319.344839
-0.099994 0.000000 51376.535788
0.000000 0.000000 51395.599438
0.000000 0.000000 51414.663087
0.000000 0.000000 51471.854036
0.000000 0.000000 51529.044985
0.000000 0.000000 51586.235934
0.000000 0.000000 51681.554182
0.000000 0.000000 51738.745131
-0.099997 0.000000 51757.808781
0.000000 0.000000 51795.936080
0.000000 0.000000 51853.127029
0.000005 0.000000 51872.190679
0.000000 0.000000 51948.445277
0.000000 0.000000 51967.508927
0.000000 0.000000 51986.572577
0.000000 0.000000 52081.890825
0.000000 0.000000 52100.954475
0.000000 0.000000 52120.018124
0.000000 0.000000 52234.400022
-0.099995 0.000000 52310.654621
0.000000 0.000000 52329.718270
0.000000 0.000000 52386.909219
0.000000 0.000000 52405.972869
0.000000 0.000000 52463.163818
0.000000 0.000000 52501.291117
0.000000 0.000000 52520.354767
-0.099996 0.000000 52539.418416
0.000000 0.000000 52558.482066
0.000000 0.000000 52577.545716
-0.099995 0.000000 52691.927614
0.000000 0.000000 52730.054913
0.000000 0.000000 52749.118563
0.000000 0.000000 52768.182212
-0.099993 0.000000 52806.309511
0.000003 0.000000 52825.373161
0.000000 0.000000 52882.564110
0.000006 0.000000 52901.627760
-0.099994 0.000000 52920.691409
-0.099989 0.000000 53016.009658
-0.099996 0.000000 53054.136957
0.000000 0.000000 53225.709804
0.000000 0.000000 53244.773453
0.000000 0.000000 53263.837103
0.000000 0.000000 53282.900753
0.000009 0.000000 53359.155351
-0.099998 0.000000 53378.219001
0.000000 0.000000 53397.282650
0.000000 0.000000 53435.409950
0.000000 0.000000 53454.473599
0.000000 0.000000 53492.600899
0.000000 0.000000 53568.855497
0.000000 0.000000 53587.919147
0.000000 0.000000 53606.982796
0.000005 0.000000 53702.301045
-0.099996 0.000000 53721.364694
0.000000 0.000000 53778.555643
-0.099993 0.000000 53816.682943
0.000000 0.000000 53854.810242
0.000004 0.000000 53873.873891
0.000000 0.000000 53912.001191
0.000000 0.000000 53950.128490
0.000000 0.000000 53969.192140
0.000000 0.000000 54045.446738
0.000000 0.000000 54083.574038
0.000000 0.000000 54102.637687
0.000000 0.000000 54140.764986
-0.099996 0.000000 54178.892286
0.000006 0.000000 54255.146884
0.000005 0.000000 54274.210534
0.000000 0.000000 54293.274184
0.000005 0.000000 54312.337833
0.000000 0.000000 54350.465133
0.000008 0.000000 54369.528782
-0.099993 0.000000 54407.656081
0.000000 0.000000 54445.783381
0.000000 0.000000 54464.847030
0.000000 0.000000 54483.910680
0.000000 0.000000 54502.974330
0.000000 0.000000 54560.165279
0.000000 0.000000 54579.228928
0.000000 0.000000 54598.292578
0.000000 0.000000 54617.356228
-0.099994 0.000000 54693.610826
0.000000 0.000000 54712.674476
0.000000 0.000000 54731.738125
-0.099997 0.000000 54750.801775
0.000006 0.000000 54788.929074
-0.099995 0.000000 54865.183673
0.000006 0.000000 54941.438271
0.000008 0.000000 54960.501921
0.000000 0.000000 54998.629220
0.000000 0.000000 55055.820169
0.000000 0.000000 55074.883819
0.000007 0.000000 55093.947469
-0.099981 0.000000 55113.011118
0.000000 0.000000 55132.074768
0.000000 0.000000 55170.202067
0.000000 0.000000 55189.265717
0.000009 0.000000 55284.583965
0.000001 0.000000 55322.711264
0.000000 0.000000 55360.838564
0.000000 0.000000 55379.902213
0.000005 0.000000 55398.965863
0.000000 0.000000 55418.029513
0.000006 0.000000 55456.156812
0.000000 0.000000 55627.729659
0.000006 0.000000 55646.793308
0.000003 0.000000 55665.856958
0.000006 0.000000 55818.366155
0.000000 0.000000 55837.429805
0.000000 0.000000 55875.557104
-0.099989 0.000000 55913.684403
0.000000 0.000000 55932.748053
-0.099997 0.000000 55970.875352
0.000000 0.000000 56009.002651
-0.099999 0.000000 56028.066301
0.000009 0.000000 56047.129951
-0.099996 0.000000 56085.257250
0.000000 0.000000 56104.320900
0.000000 0.000000 56180.575498
-0.099995 0.000000 56199.639148
0.000000 0.000000 56237.766447
0.000000 0.000000 56275.893746
0.000004 0.000000 56333.084695
0.000000 0.000000 56352.148345
0.000000 0.000000 56371.211995
-0.099995 0.000000 56409.339294
0.000000 0.000000 56428.402944
0.000006 0.000000 56504.657542
-0.099994 0.000000 56523.721192
0.000000 0.000000 56542.784841
0.000014 0.000000 56561.848491
0.000000 0.000000 56599.975790
0.000000 0.000000 56619.039440
0.000000 0.000000 56752.484988
0.000000 0.000000 56771.548637
0.000005 0.000000 56790.612287
0.000000 0.000000 56828.739586
0.000011 0.000000 56885.930535
0.000000 0.000000 56924.057834
-0.099994 0.000000 56943.121484
0.000005 0.000000 56962.185134
0.000005 0.000000 57038.439732
0.000000 0.000000 57057.503382
0.000000 0.000000 57095.630681
0.000000 0.000000 57114.694331
0.000000 0.000000 57171.885280
0.000014 0.000000 57190.948929
0.000005 0.000000 57229.076229
0.000000 0.000000 57267.203528
0.000007 0.000000 57286.267178
-0.099995 0.000000 57343.458126
0.000000 0.000000 57362.521776
0.000000 0.000000 57400.649075
0.000000 0.000000 57419.712725
0.000007 0.000000 57476.903674
0.000005 0.000000 57495.967324
0.000000 0.000000 57553.158273
-0.099996 0.000000 57591.285572
0.000000 0.000000 57629.412871
0.000000 0.000000 57648.476521
0.000007 0.000000 57686.603820
0.000006 0.000000 57724.731119
0.000000 0.000000 57781.922068
0.000000 0.000000 57820.049368
0.000000 0.000000 57896.303966
0.000000 0.000000 57915.367616
0.000000 0.000000 57934.431265
0.000000 0.000000 58029.749514
0.000000 0.000000 58048.813163
0.000000 0.000000 58125.067762
0.000000 0.000000 58163.195061
-0.099995 0.000000 58182.258711
0.000000 0.000000 58201.322360
0.000000 0.000000 58220.386010
0.000004 0.000000 58239.449660
0.000000 0.000000 58277.576959
0.000000 0.000000 58315.704258
0.000000 0.000000 58334.767908
-0.099996 0.000000 58353.831558
0.000006 0.000000 58391.958857
0.000000 0.000000 58411.022507
-0.099996 0.000000 58449.149806
0.000000 0.000000 58468.213455
0.000000 0.000000 58487.277105
0.000006 0.000000 58506.340755
0.000005 0.000000 58525.404404
-0.099999 0.000000 58544.468054
-0.099994 0.000000 58639.786302
-0.099996 0.000000 58658.849952
-0.099996 0.000000 58735.104550
0.000006 0.000000 58754.168200
-0.099993 0.000000 58773.231850
0.000006 0.000000 58792.295499
-0.099995 0.000000 58830.422799
0.000004 0.000000 58849.486448
0.000006 0.000000 58868.550098
-0.099995 0.000000 58906.677397
-0.099999 0.000000 58925.741047
0.000007 0.000000 58944.804697
0.000001 0.000000 58982.931996
0.000008 0.000000 59040.122945
0.000014 0.000000 59078.250244
0.000005 0.000000 59097.313894
0.000000 0.000000 59211.695792
0.000008 0.000000 59230.759441
-0.099995 0.000000 59249.823091
-0.099995 0.000000 59287.950390
0.000005 0.000000 59307.014040
-0.099998 0.000000 59345.141339
-0.099996 0.000000 59383.268638
0.000004 0.000000 59402.332288
0.000004 0.000000 59421.395938
0.000003 0.000000 59459.523237
-0.099996 0.000000 59497.650536
0.000006 0.000000 59516.714186
0.000005 0.000000 59535.777835
-0.099992 0.000000 59554.841485
0.000004 0.000000 59573.905135
-0.099996 0.000000 59592.968784
0.000000 0.000000 59612.032434
0.000000 0.000000 59631.096084
0.000008 0.000000 59688.287033
0.000005 0.000000 59726.414332
0.000000 0.000000 59745.477982
0.000000 0.000000 59764.541631
0.000004 0.000000 59783.605281
0.000000 0.000000 59840.796230
0.000000 0.000000 59859.859879
-0.099996 0.000000 59878.923529
0.000000 0.000000 59897.987179
0.000005 0.000000 59936.114478
-0.099996 0.000000 59993.305427
0.000003 0.000000 60012.369077
0.000003 0.000000 60069.560025
0.000006 0.000000 60241.132872
-0.099994 0.000000 60260.196522
-0.099994 0.000000 60298.323821
0.000005 0.000000 60317.387471
0.000000 0.000000 60374.578420
0.000005 0.000000 60393.642069
0.000004 0.000000 60431.769369
0.000007 0.000000 60450.833018
-0.099995 0.000000 60469.896668
0.000007 0.000000 60508.023967
-0.099996 0.000000 60527.087617
-0.099992 0.000000 60565.214916
0.000004 0.000000 60603.342215
0.000003 0.000000 60622.405865
0.000000 0.000000 60641.469515
0.000005 0.000000 60660.533164
-0.099995 0.000000 60679.596814
0.000000 0.000000 60698.660464
-0.099995 0.000000 60717.724113
0.000005 0.000000 60736.787763
0.000005 0.000000 60755.851413
0.000005 0.000000 60813.042362
0.000006 0.000000 60832.106011
0.000000 0.000000 60870.233310
0.000004 0.000000 60889.296960
-0.099995 0.000000 60908.360610
0.000000 0.000000 60927.424259
0.000005 0.000000 60946.487909
0.000004 0.000000 60965.551559
0.000006 0.000000 61003.678858
0.000000 0.000000 61022.742508
0.000006 0.000000 61041.806157
0.000000 0.000000 61060.869807
0.000009 0.000000 61098.997106
0.000000 0.000000 61118.060756
-0.099996 0.000000 61137.124405
0.000005 0.000000 61175.251705
-0.099990 0.000000 61194.315354
0.000005 0.000000 61232.442654
0.000000 0.000000 61308.697252
-0.099995 0.000000 61327.760902
0.000004 0.000000 61365.888201
0.000004 0.000000 61404.015500
0.000012 0.000000 61423.079150
0.000005 0.000000 61461.206449
0.000000 0.000000 61480.270099
0.000009 0.000000 61537.461048
-0.099996 0.000000 61556.524698
0.000000 0.000000 61575.588347
0.000000 0.000000 61613.715647
0.000004 0.000000 61632.779296
0.000005 0.000000 61651.842946
-0.099996 0.000000 61689.970245
0.000006 0.000000 61709.033895
-0.099994 0.000000 61747.161194
0.000003 0.000000 61766.224844
0.000005 0.000000 61785.288493
0.000004 0.000000 61804.352143
-0.099995 0.000000 61823.415793
0.000014 0.000000 61842.479442
0.000004 0.000000 61861.543092
0.000004 0.000000 61880.606742
0.000000 0.000000 61899.670391
0.000005 0.000000 61918.734041
0.000000 0.000000 61956.861340
0.000000 0.000000 62014.052289
0.000000 0.000000 62033.115939
-0.099996 0.000000 62052.179588
-0.099995 0.000000 62071.243238
0.000000 0.000000 62090.306888
0.000005 0.000000 62109.370537
0.000000 0.000000 62128.434187
0.000000 0.000000 62147.497837
0.000010 0.000000 62166.561486
0.000006 0.000000 62185.625136
-0.099997 0.000000 62204.688785
0.000004 0.000000 62223.752435
0.000004 0.000000 62242.816085
0.000004 0.000000 62261.879734
0.000005 0.000000 62280.943384
0.000003 0.000000 62300.007034
-0.099995 0.000000 62338.134333
0.000004 0.000000 62376.261632
0.000004 0.000000 62395.325282
0.000004 0.000000 62414.388932
-0.099995 0.000000 62433.452581
0.000004 0.000000 62471.579880
0.000003 0.000000 62509.707180
0.000000 0.000000 62566.898129
0.000005 0.000000 62605.025428
-0.099994 0.000000 62624.089078
0.000000 0.000000 62681.280027
0.000006 0.000000 62700.343676
-0.099995 0.000000 62719.407326
0.000004 0.000000 62738.470975
0.000003 0.000000 62757.534625
0.000006 0.000000 62776.598275
0.000000 0.000000 62795.661924
0.000005 0.000000 62814.725574
-0.099995 0.000000 62852.852873
0.000004 0.000000 62871.916523
0.000006 0.000000 62910.043822
0.000006 0.000000 62929.107472
-0.099995 0.000000 62967.234771
-0.099993 0.000000 63005.362071
0.000006 0.000000 63024.425720
0.000000 0.000000 63043.489370
0.000003 0.000000 63081.616669
0.000006 0.000000 63100.680319
-0.099997 0.000000 63119.743968
0.000000 0.000000 63138.807618
0.000004 0.000000 63157.871268
0.000005 0.000000 63176.934917
0.000001 0.000000 63195.998567
-0.099996 0.000000 63215.062217
0.000000 0.000000 63234.125866
-0.099995 0.000000 63253.189516
0.000000 0.000000 63291.316815
0.000000 0.000000 63329.444114
0.000000 0.000000 63348.507764
-0.099994 0.000000 63367.571414
0.000005 0.000000 63405.698713
0.000006 0.000000 63462.889662
0.000006 0.000000 63481.953312
-0.099996 0.000000 63501.016961
0.000006 0.000000 63539.144261
0.000000 0.000000 63558.207910
0.000000 0.000000 63577.271560
0.000005 0.000000 63634.462509
0.000000 0.000000 63653.526158
0.000006 0.000000 63672.589808
0.000004 0.000000 63691.653458
0.000000 0.000000 63710.717107
-0.099996 0.000000 63729.780757
0.000006 0.000000 63748.844407
-0.099997 0.000000 63767.908056
0.000005 0.000000 63786.971706
-0.099995 0.000000 63806.035356
-0.099996 0.000000 63825.099005
-0.099996 0.000000 63844.162655
0.000004 0.000000 63901.353604
0.000005 0.000000 63920.417253
0.000005 0.000000 63939.480903
0.000000 0.000000 63958.544553
0.000005 0.000000 63996.671852
0.000002 0.000000 64015.735502
0.000004 0.000000 64053.862801
0.000006 0.000000 64072.926451
0.000005 0.000000 64091.990100
0.000003 0.000000 64111.053750
0.000004 0.000000 64130.117399
0.000005 0.000000 64149.181049
-0.099996 0.000000 64168.244699
0.000003 0.000000 64187.308348
0.000000 0.000000 64206.371998
0.000000 0.000000 64225.435648
0.000006 0.000000 64244.499297
0.000004 0.000000 64263.562947
-0.099998 0.000000 64301.690246
-0.099995 0.000000 64320.753896
0.000005 0.000000 64339.817546
-0.099996 0.000000 64358.881195
0.000004 0.000000 64377.944845
0.000006 0.000000 64397.008494
-0.099994 0.000000 64416.072144
0.000000 0.000000 64435.135794
0.000005 0.000000 64454.199443
0.000000 0.000000 64473.263093
0.000003 0.000000 64492.326743
0.000006 0.000000 64511.390392
0.000005 0.000000 64530.454042
-0.099995 0.000000 64568.581341
0.000004 0.000000 64587.644991
-0.099994 0.000000 64663.899589
0.000006 0.000000 64702.026889
0.000006 0.000000 64721.090538
0.000005 0.000000 64740.154188
0.000004 0.000000 64759.217838
0.000006 0.000000 64778.281487
-0.099994 0.000000 64797.345137
0.000006 0.000000 64816.408787
0.000005 0.000000 64835.472436
0.000004 0.000000 64854.536086
0.000004 0.000000 64892.663385
0.000004 0.000000 64911.727035
0.000004 0.000000 64930.790684
0.000006 0.000000 64949.854334
-0.099996 0.000000 64987.981633
0.000000 0.000000 65007.045283
0.000002 0.000000 65026.108933
-0.099994 0.000000 65064.236232
0.000004 0.000000 65102.363531
-0.099994 0.000000 65121.427181
0.000004 0.000000 65140.490831
0.000005 0.000000 65159.554480
0.000000 0.000000 65178.618130
0.000005 0.000000 65235.809079
0.000005 0.000000 65254.872728
-0.099994 0.000000 65273.936378
0.000000 0.000000 65293.000028
0.000005 0.000000 65312.063677
-0.099998 0.000000 65350.190977
-0.099994 0.000000 65388.318276
0.000005 0.000000 65407.381926
0.000005 0.000000 65426.445575
0.000003 0.000000 65445.509225
0.000004 0.000000 65483.636524
0.000004 0.000000 65502.700174
0.000004 0.000000 65540.827473
0.000004 0.000000 65559.891123
0.000000 0.000000 65598.018422
0.000000 0.000000 65617.082072
0.000004 0.000000 65636.145721
0.000009 0.000000 65655.209371
0.000005 0.000000 65693.336670
0.000005 0.000000 65712.400320
0.000005 0.000000 65731.463969
0.000005 0.000000 65750.527619
-0.099997 0.000000 65769.591269
0.000004 0.000000 65788.654918
0.000002 0.000000 65807.718568
0.000003 0.000000 65826.782218
0.000000 0.000000 65864.909517
-0.099994 0.000000 65883.973167
0.000005 0.000000 65903.036816
-0.099995 0.000000 65922.100466
-0.099996 0.000000 65941.164116
0.000004 0.000000 65960.227765
0.000004 0.000000 65979.291415
0.000004 0.000000 65998.355064
0.000000 0.000000 66036.482364
0.000000 0.000000 66055.546013
-0.099994 0.000000 66074.609663
0.000006 0.000000 66093.673313
0.000005 0.000000 66112.736962
0.000006 0.000000 66131.800612
-0.099995 0.000000 66227.118860
-0.099994 0.000000 66246.182510
-0.099997 0.000000 66265.246159
0.000003 0.000000 66284.309809
0.000000 0.000000 66322.437108
0.000000 0.000000 66341.500758
0.000004 0.000000 66360.564408
0.000007 0.000000 66379.628057
0.000003 0.000000 66417.755357
0.000006 0.000000 66436.819006
0.000005 0.000000 66455.882656
0.000005 0.000000 66494.009955
-0.099996 0.000000 66513.073605
0.000000 0.000000 66532.137254
0.000005 0.000000 66570.264554
0.000005 0.000000 66589.328203
0.000003 0.000000 66608.391853
0.000005 0.000000 66646.519152
-0.099992 0.000000 66665.582802
0.000005 0.000000 66684.646452
-0.099994 0.000000 66703.710101
0.000005 0.000000 66722.773751
0.000008 0.000000 66760.901050
0.000007 0.000000 66779.964700
0.000005 0.000000 66799.028349
0.000004 0.000000 66818.091999
0.000006 0.000000 66837.155649
-0.099995 0.000000 66856.219298
0.000000 0.000000 66875.282948
0.000006 0.000000 66932.473897
0.000005 0.000000 66951.537547
-0.099995 0.000000 66970.601196
0.000003 0.000000 66989.664846
0.000005 0.000000 67027.792145
0.000003 0.000000 67046.855795
0.000003 0.000000 67065.919444
0.000004 0.000000 67084.983094
-0.099995 0.000000 67104.046744
0.000004 0.000000 67123.110393
-0.099995 0.000000 67142.174043
0.000004 0.000000 67161.237693
0.000005 0.000000 67180.301342
0.000004 0.000000 67218.428642
0.000005 0.000000 67237.492291
0.000005 0.000000 67256.555941
-0.099995 0.000000 67275.619591
-0.099994 0.000000 67294.683240
-0.099995 0.000000 67313.746890
0.000000 0.000000 67351.874189
-0.099994 0.000000 67370.937839
0.000008 0.000000 67390.001488
-0.099995 0.000000 67409.065138
-0.099995 0.000000 67428.128788
-0.099994 0.000000 67447.192437
0.000006 0.000000 67466.256087
0.000005 0.000000 67485.319737
0.000005 0.000000 67504.383386
0.000006 0.000000 67523.447036
0.000004 0.000000 67542.510686
0.000004 0.000000 67561.574335
-0.099996 0.000000 67580.637985
-0.099996 0.000000 67599.701634
0.000005 0.000000 67618.765284
0.000004 0.000000 67656.892583
0.000008 0.000000 67675.956233
0.000005 0.000000 67695.019883
-0.099995 0.000000 67752.210832
-0.099995 0.000000 67771.274481
-0.099995 0.000000 67790.338131
-0.099994 0.000000 67828.465430
0.000005 0.000000 67847.529080
0.000006 0.000000 67885.656379
-0.099997 0.000000 67904.720029
0.000005 0.000000 67923.783678
0.000004 0.000000 67942.847328
-0.099996 0.000000 67961.910978
-0.099993 0.000000 67980.974627
0.000005 0.000000 68000.038277
0.000005 0.000000 68038.165576
-0.099994 0.000000 68057.229226
0.000005 0.000000 68095.356525
0.000005 0.000000 68114.420175
0.000006 0.000000 68133.483824
-0.099995 0.000000 68171.611124
0.000004 0.000000 68209.738423
0.000005 0.000000 68228.802073
-0.099995 0.000000 68247.865722
0.000006 0.000000 68266.929372
0.000005 0.000000 68285.993022
0.000004 0.000000 68324.120321
0.000003 0.000000 68343.183971
0.000005 0.000000 68362.247620
0.000005 0.000000 68381.311270
-0.099993 0.000000 68400.374920
0.000000 0.000000 68419.438569
0.000004 0.000000 68438.502219
0.000005 0.000000 68457.565868
0.000004 0.000000 68476.629518
0.000005 0.000000 68514.756817
0.000009 0.000000 68533.820467
0.000006 0.000000 68552.884117
0.000006 0.000000 68571.947766
0.000005 0.000000 68591.011416
-0.099997 0.000000 68610.075066
0.000000 0.000000 68629.138715
0.000005 0.000000 68648.202365
0.000005 0.000000 68667.266015
-0.099996 0.000000 68686.329664
0.000004 0.000000 68724.456963
0.000005 0.000000 68743.520613
-0.099994 0.000000 68762.584263
-0.099996 0.000000 68781.647912
0.000004 0.000000 68800.711562
0.000005 0.000000 68819.775212
-0.099994 0.000000 68838.838861
0.000005 0.000000 68876.966161
0.000004 0.000000 68915.093460
0.000005 0.000000 68934.157110
0.000004 0.000000 68953.220759
0.000004 0.000000 68991.348058
0.000004 0.000000 69010.411708
0.000004 0.000000 69029.475358
-0.099996 0.000000 69048.539007
0.000006 0.000000 69067.602657
0.000005 0.000000 69086.666307
-0.099996 0.000000 69105.729956
0.000005 0.000000 69124.793606
0.000000 0.000000 69143.857256
0.000003 0.000000 69162.920905
-0.099996 0.000000 69201.048205
0.000006 0.000000 69220.111854
0.000006 0.000000 69239.175504
0.000005 0.000000 69258.239153
0.000007 0.000000 69277.302803
0.000006 0.000000 69315.430102
-0.099997 0.000000 69334.493752
0.000005 0.000000 69353.557402
0.000004 0.000000 69372.621051
0.000003 0.000000 69410.748351
0.000005 0.000000 69429.812000
0.000006 0.000000 69448.875650
0.000006 0.000000 69487.002949
0.000005 0.000000 69506.066599
0.000005 0.000000 69525.130248
0.000004 0.000000 69544.193898
0.000005 0.000000 69563.257548
-0.099995 0.000000 69582.321197
-0.099996 0.000000 69601.384847
0.000005 0.000000 69620.448497
0.000000 0.000000 69658.575796
0.000005 0.000000 69715.766745
0.000004 0.000000 69734.830395
0.000007 0.000000 69753.894044
0.000005 0.000000 69772.957694
0.000000 0.000000 69792.021343
0.000005 0.000000 69811.084993
0.000005 0.000000 69830.148643
0.000000 0.000000 69868.275942
-0.099996 0.000000 69925.466891
0.000005 0.000000 69982.657840
0.000006 0.000000 70020.785139
0.000005 0.000000 70039.848789
0.000004 0.000000 70058.912438
0.000003 0.000000 70077.976088
-0.099996 0.000000 70097.039738
0.000006 0.000000 70116.103387
0.000005 0.000000 70135.167037
-0.099998 0.000000 70154.230687
0.000006 0.000000 70173.294336
0.000004 0.000000 70192.357986
0.000000 0.000000 70211.421636
-0.099993 0.000000 70230.485285
-0.099996 0.000000 70249.548935
0.000000 0.000000 70268.612585
0.000003 0.000000 70306.739884
-0.099994 0.000000 70325.803533
-0.099994 0.000000 70344.867183
0.000006 0.000000 70363.930833
0.000005 0.000000 70382.994482
0.000005 0.000000 70421.121782
0.000006 0.000000 70440.185431
0.000005 0.000000 70459.249081
0.000004 0.000000 70478.312731
0.000005 0.000000 70497.376380
0.000004 0.000000 70516.440030
0.000004 0.000000 70535.503680
0.000005 0.000000 70554.567329
0.000007 0.000000 70573.630979
-0.099995 0.000000 70592.694628
0.000004 0.000000 70611.758278
0.000006 0.000000 70630.821928
0.000005 0.000000 70649.885577
0.000000 0.000000 70668.949227
0.000003 0.000000 70688.012877
0.000004 0.000000 70707.076526
0.000004 0.000000 70745.203826
-0.099995 0.000000 70764.267475
0.000005 0.000000 70802.394775
0.000005 0.000000 70821.458424
0.000006 0.000000 70840.522074
0.000005 0.000000 70859.585723
-0.099995 0.000000 70878.649373
-0.099992 0.000000 70897.713023
0.000005 0.000000 70916.776672
0.000003 0.000000 70935.840322
-0.099996 0.000000 70954.903972
0.000005 0.000000 70973.967621
-0.099998 0.000000 70993.031271
0.000006 0.000000 71031.158570
0.000000 0.000000 71126.476818
0.000004 0.000000 71145.540468
0.000000 0.000000 71164.604118
0.000000 0.000000 71183.667767
0.000005 0.000000 71202.731417
0.000000 0.000000 71259.922366
0.000005 0.000000 71278.986016
0.000004 0.000000 71298.049665
0.000000 0.000000 71336.176965
0.000000 0.000000 71355.240614
0.000005 0.000000 71374.304264
0.000004 0.000000 71393.367913
-0.099995 0.000000 71412.431563
0.000005 0.000000 71431.495213
-0.099996 0.000000 71450.558862
0.000004 0.000000 71469.622512
0.000006 0.000000 71488.686162
0.000006 0.000000 71507.749811
0.000006 0.000000 71526.813461
0.000006 0.000000 71545.877111
0.000003 0.000000 71564.940760
0.000004 0.000000 71584.004410
0.000000 0.000000 71603.068060
0.000004 0.000000 71622.131709
0.000000 0.000000 71641.195359
0.000003 0.000000 71660.259008
0.000005 0.000000 71679.322658
0.000010 0.000000 71698.386308
0.000004 0.000000 71717.449957
0.000006 0.000000 71736.513607
0.000005 0.000000 71755.577257
0.000005 0.000000 71812.768206
0.000000 0.000000 71831.831855
0.000000 0.000000 71869.959155
0.000005 0.000000 71908.086454
0.000004 0.000000 71946.213753
0.000005 0.000000 71965.277403
0.000005 0.000000 72003.404702
0.000007 0.000000 72022.468352
0.000004 0.000000 72060.595651
0.000004 0.000000 72079.659301
0.000005 0.000000 72098.722950
0.000005 0.000000 72117.786600
-0.099996 0.000000 72136.850250
0.000008 0.000000 72155.913899
0.000004 0.000000 72194.041198
0.000005 0.000000 72213.104848
0.000000 0.000000 72251.232147
0.000005 0.000000 72270.295797
0.000004 0.000000 72308.423096
0.000005 0.000000 72327.486746
0.000005 0.000000 72346.550396
0.000005 0.000000 72365.614045
-0.099992 0.000000 72384.677695
0.000005 0.000000 72403.741345
0.000006 0.000000 72422.804994
0.000000 0.000000 72460.932293
0.000006 0.000000 72479.995943
-0.099995 0.000000 72499.059593
0.000004 0.000000 72518.123242
-0.099998 0.000000 72537.186892
-0.099995 0.000000 72556.250542
0.000000 0.000000 72575.314191
0.000008 0.000000 72613.441491
0.000003 0.000000 72632.505140
0.000006 0.000000 72651.568790
-0.099996 0.000000 72670.632440
0.000007 0.000000 72689.696089
0.000006 0.000000 72708.759739
0.000003 0.000000 72727.823388
-0.099996 0.000000 72746.887038
0.000005 0.000000 72765.950688
0.000005 0.000000 72785.014337
0.000006 0.000000 72804.077987
-0.099994 0.000000 72842.205286
-0.099996 0.000000 72861.268936
0.000005 0.000000 72880.332586
0.000003 0.000000 72937.523535
0.000004 0.000000 72994.714483
0.000005 0.000000 73013.778133
-0.099997 0.000000 73051.905432
0.000004 0.000000 73070.969082
0.000005 0.000000 73090.032732
-0.099996 0.000000 73109.096381
0.000005 0.000000 73128.160031
0.000004 0.000000 73147.223681
0.000007 0.000000 73166.287330
0.000005 0.000000 73185.350980
0.000003 0.000000 73204.414630
0.000005 0.000000 73223.478279
0.000006 0.000000 73242.541929
0.000004 0.000000 73261.605578
0.000003 0.000000 73280.669228
0.000004 0.000000 73299.732878
0.000008 0.000000 73318.796527
-0.099995 0.000000 73337.860177
0.000005 0.000000 73356.923827
0.000004 0.000000 73375.987476
0.000004 0.000000 73395.051126
0.000005 0.000000 73433.178425
-0.099996 0.000000 73452.242075
0.000004 0.000000 73471.305725
-0.099993 0.000000 73490.369374
0.000003 0.000000 73509.433024
0.000007 0.000000 73528.496674
0.000005 0.000000 73547.560323
0.000005 0.000000 73566.623973
0.000005 0.000000 73585.687622
0.000004 0.000000 73604.751272
-0.099995 0.000000 73642.878571
0.000004 0.000000 73661.942221
-0.099995 0.000000 73719.133170
0.000005 0.000000 73757.260469
-0.099995 0.000000 73776.324119
0.000005 0.000000 73795.387769
0.000005 0.000000 73814.451418
0.000005 0.000000 73833.515068
0.000007 0.000000 73852.578717
0.000003 0.000000 73871.642367
-0.099997 0.000000 73890.706017
0.000005 0.000000 73909.769666
0.000004 0.000000 73928.833316
0.000005 0.000000 73947.896966
0.000005 0.000000 73966.960615
0.000006 0.000000 74005.087915
-0.099994 0.000000 74024.151564
-0.099985 0.000000 74081.342513
0.000004 0.000000 74119.469812
0.000004 0.000000 74138.533462
-0.099996 0.000000 74214.788061
0.000000 0.000000 74233.851710
0.000005 0.000000 74252.915360
0.000004 0.000000 74271.979010
0.000006 0.000000 74291.042659
0.000003 0.000000 74310.106309
0.000004 0.000000 74348.233608
0.000004 0.000000 74367.297258
0.000005 0.000000 74386.360907
0.000004 0.000000 74424.488207
0.000004 0.000000 74443.551856
0.000005 0.000000 74462.615506
0.000006 0.000000 74481.679156
0.000005 0.000000 74500.742805
0.000005 0.000000 74519.806455
-0.099996 0.000000 74538.870105
-0.099994 0.000000 74557.933754
-0.099994 0.000000 74576.997404
-0.099984 0.000000 74596.061054
0.000004 0.000000 74615.124703
0.000005 0.000000 74634.188353
0.000004 0.000000 74653.252002
0.000004 0.000000 74672.315652
0.000007 0.000000 74710.442951
-0.099994 0.000000 74748.570251
-0.099996 0.000000 74805.761200
-0.099995 0.000000 74824.824849
0.000003 0.000000 74862.952149
-0.099995 0.000000 74920.143097
0.000005 0.000000 74939.206747
0.000005 0.000000 74977.334046
-0.099996 0.000000 74996.397696
-0.099998 0.000000 75015.461346
0.000005 0.000000 75053.588645
0.000005 0.000000 75072.652295
0.000004 0.000000 75091.715944
0.000004 0.000000 75129.843244
0.000007 0.000000 75148.906893
-0.099996 0.000000 75167.970543
0.000006 0.000000 75187.034192
0.000004 0.000000 75206.097842
0.000005 0.000000 75225.161492
0.000005 0.000000 75263.288791
-0.099997 0.000000 75282.352441
-0.099995 0.000000 75301.416090
-0.099996 0.000000 75320.479740
0.000005 0.000000 75358.607039
-0.099994 0.000000 75396.734339
0.000006 0.000000 75415.797988
0.000007 0.000000 75434.861638
0.000005 0.000000 75453.925287
0.000000 0.000000 75492.052587
0.000000 0.000000 75530.179886
0.000006 0.000000 75549.243536
-0.099995 0.000000 75568.307185
0.000005 0.000000 75606.434485
0.000006 0.000000 75644.561784
0.000006 0.000000 75663.625434
-0.099994 0.000000 75682.689083
-0.099996 0.000000 75701.752733
0.000004 0.000000 75720.816382
-0.099996 0.000000 75739.880032
0.000006 0.000000 75758.943682
-0.099996 0.000000 75778.007331
-0.099998 0.000000 75797.070981
0.000004 0.000000 75816.134631
0.000004 0.000000 75835.198280
0.000005 0.000000 75892.389229
0.000006 0.000000 75911.452879
-0.099995 0.000000 75949.580178
0.000005 0.000000 75968.643828
0.000005 0.000000 76006.771127
-0.099995 0.000000 76025.834777
-0.099996 0.000000 76044.898426
0.000008 0.000000 76063.962076
0.000005 0.000000 76083.025726
0.000005 0.000000 76102.089375
0.000005 0.000000 76121.153025
0.000005 0.000000 76140.216675
0.000005 0.000000 76159.280324
0.000006 0.000000 76178.343974
0.000008 0.000000 76197.407624
0.000004 0.000000 76216.471273
-0.099995 0.000000 76254.598572
0.000006 0.000000 76273.662222
0.000005 0.000000 76292.725872
-0.099997 0.000000 76311.789521
0.000000 0.000000 76330.853171
-0.099999 0.000000 76349.916821
-0.099996 0.000000 76368.980470
-0.099995 0.000000 76388.044120
0.000005 0.000000 76407.107770
-0.099995 0.000000 76426.171419
0.000005 0.000000 76445.235069
0.000004 0.000000 76464.298719
0.000006 0.000000 76483.362368
0.000004 0.000000 76502.426018
-0.099996 0.000000 76540.553317
0.000004 0.000000 76578.680616
0.000005 0.000000 76616.807916
0.000000 0.000000 76635.871565
0.000006 0.000000 76654.935215
0.000003 0.000000 76673.998865
0.000007 0.000000 76712.126164
-0.099994 0.000000 76731.189814
0.000006 0.000000 76769.317113
0.000004 0.000000 76788.380762
-0.099994 0.000000 76864.635361
-0.099995 0.000000 76902.762660
0.000007 0.000000 76959.953609
0.000005 0.000000 76979.017259
-0.099993 0.000000 76998.080909
0.000000 0.000000 77017.144558
-0.099994 0.000000 77036.208208
0.000005 0.000000 77055.271857
0.000008 0.000000 77093.399157
-0.099996 0.000000 77112.462806
0.000003 0.000000 77131.526456
0.000005 0.000000 77150.590106
-0.099997 0.000000 77169.653755
0.000004 0.000000 77188.717405
0.000000 0.000000 77207.781055
0.000005 0.000000 77226.844704
0.000000 0.000000 77284.035653
-0.099995 0.000000 77303.099303
0.000000 0.000000 77341.226602
0.000004 0.000000 77360.290252
0.000005 0.000000 77398.417551
0.000004 0.000000 77417.481201
0.000005 0.000000 77455.608500
0.000005 0.000000 77474.672150
-0.099995 0.000000 77493.735799
0.000000 0.000000 77512.799449
0.000000 0.000000 77550.926748
0.000006 0.000000 77569.990398
0.000004 0.000000 77589.054047
0.000005 0.000000 77608.117697
0.000005 0.000000 77646.244996
0.000004 0.000000 77665.308646
0.000003 0.000000 77684.372296
0.000003 0.000000 77741.563245
-0.099996 0.000000 77760.626894
0.000004 0.000000 77779.690544
-0.099993 0.000000 77798.754194
0.000005 0.000000 77817.817843
0.000005 0.000000 77836.881493
0.000000 0.000000 77855.945142
0.000004 0.000000 77875.008792
0.000000 0.000000 77913.136091
-0.099995 0.000000 77932.199741
-0.099999 0.000000 77951.263391
0.000000 0.000000 77970.327040
0.000004 0.000000 77989.390690
0.000007 0.000000 78008.454340
0.000004 0.000000 78027.517989
0.000004 0.000000 78046.581639
0.000005 0.000000 78065.645289
0.000006 0.000000 78084.708938
-0.099995 0.000000 78160.963537
0.000008 0.000000 78218.154486
-0.099996 0.000000 78237.218135
-0.099997 0.000000 78256.281785
0.000004 0.000000 78275.345435
-0.099996 0.000000 78294.409084
-0.099994 0.000000 78332.536384
0.000005 0.000000 78351.600033
0.000000 0.000000 78370.663683
0.000005 0.000000 78389.727332
0.000003 0.000000 78408.790982
0.000004 0.000000 78427.854632
-0.099996 0.000000 78446.918281
0.000005 0.000000 78465.981931
0.000000 0.000000 78485.045581
0.000004 0.000000 78504.109230
0.000004 0.000000 78523.172880
-0.099996 0.000000 78542.236530
0.000004 0.000000 78580.363829
0.000005 0.000000 78599.427479
0.000006 0.000000 78618.491128
0.000005 0.000000 78637.554778
0.000005 0.000000 78675.682077
-0.099995 0.000000 78694.745727
0.000006 0.000000 78713.809376
0.000006 0.000000 78732.873026
0.000004 0.000000 78751.936676
-0.099996 0.000000 78771.000325
0.000006 0.000000 78790.063975
0.000007 0.000000 78847.254924
-0.099997 0.000000 78885.382223
0.000004 0.000000 78904.445873
0.000005 0.000000 78942.573172
0.000000 0.000000 78999.764121
0.000005 0.000000 79037.891420
-0.099998 0.000000 79076.018720
0.000006 0.000000 79095.082369
-0.099994 0.000000 79133.209669
0.000005 0.000000 79152.273318
0.000006 0.000000 79171.336968
-0.099995 0.000000 79209.464267
0.000005 0.000000 79228.527917
0.000004 0.000000 79247.591566
0.000007 0.000000 79266.655216
0.000004 0.000000 79285.718866
0.000014 0.000000 79304.782515
-0.099997 0.000000 79323.846165
0.000005 0.000000 79342.909815
-0.099995 0.000000 79381.037114
-0.099995 0.000000 79419.164413
0.000004 0.000000 79457.291713
0.000004 0.000000 79476.355362
0.000000 0.000000 79495.419012
0.000004 0.000000 79514.482661
0.000000 0.000000 79552.609961
-0.099996 0.000000 79590.737260
0.000005 0.000000 79609.800910
-0.099995 0.000000 79647.928209
0.000000 0.000000 79686.055508
-0.099997 0.000000 79705.119158
0.000004 0.000000 79724.182808
-0.099998 0.000000 79743.246457
0.000005 0.000000 79800.437406
0.000004 0.000000 79838.564705
0.000005 0.000000 79876.692005
-0.099997 0.000000 79895.755654
0.000005 0.000000 79914.819304
0.000005 0.000000 79933.882954
-0.099995 0.000000 79952.946603
-0.099995 0.000000 79972.010253
0.000004 0.000000 79991.073903
0.000005 0.000000 80067.328501
0.000004 0.000000 80105.455800
0.000002 0.000000 80143.583100
0.000005 0.000000 80181.710399
-0.099993 0.000000 80200.774049
-0.099996 0.000000 80219.837698
0.000005 0.000000 80238.901348
0.000006 0.000000 80257.964998
-0.099996 0.000000 80277.028647
0.000003 0.000000 80296.092297
-0.099996 0.000000 80315.155946
-0.099994 0.000000 80334.219596
0.000003 0.000000 80353.283246
0.000005 0.000000 80410.474195
0.000005 0.000000 80429.537844
0.000004 0.000000 80467.665144
0.000005 0.000000 80505.792443
-0.099995 0.000000 80543.919742
-0.099998 0.000000 80582.047041
0.000008 0.000000 80620.174341
0.000000 0.000000 80658.301640
0.000004 0.000000 80696.428939
-0.099997 0.000000 80734.556239
0.000004 0.000000 80772.683538
-0.099995 0.000000 80791.747188
-0.099996 0.000000 80810.810837
0.000005 0.000000 80848.938136
0.000003 0.000000 80868.001786
-0.099995 0.000000 80887.065436
0.000006 0.000000 80906.129085
0.000005 0.000000 80925.192735
-0.099996 0.000000 80944.256385
-0.099995 0.000000 80982.383684
-0.099995 0.000000 81058.638283
0.000003 0.000000 81077.701932
0.000000 0.000000 81115.829231
0.000004 0.000000 81134.892881
0.000000 0.000000 81153.956531
-0.099996 0.000000 81173.020180
0.000005 0.000000 81211.147480
-0.099996 0.000000 81230.211129
0.000005 0.000000 81249.274779
0.000005 0.000000 81363.656677
0.000004 0.000000 81382.720326
0.000006 0.000000 81420.847626
0.000000 0.000000 81439.911275
0.000005 0.000000 81458.974925
0.000005 0.000000 81478.038575
0.000004 0.000000 81497.102224
-0.099993 0.000000 81535.229524
0.000005 0.000000 81554.293173
0.000005 0.000000 81611.484122
0.000000 0.000000 81744.929670
-0.099996 0.000000 81802.120619
-0.099997 0.000000 81878.375217
0.000005 0.000000 81897.438867
-0.099995 0.000000 81916.502516
0.000004 0.000000 81935.566166
0.000000 0.000000 81973.693465
0.000004 0.000000 82011.820765
0.000000 0.000000 82049.948064
0.000005 0.000000 82069.011714
0.000005 0.000000 82107.139013
0.000004 0.000000 82126.202663
0.000005 0.000000 82145.266312
-0.099995 0.000000 82164.329962
0.000003 0.000000 82183.393611
0.000006 0.000000 82221.520911
-0.099996 0.000000 82297.775509
-0.099997 0.000000 82316.839159
0.000000 0.000000 82393.093758
-0.099996 0.000000 82412.157407
0.000007 0.000000 82431.221057
0.000004 0.000000 82469.348356
0.000000 0.000000 82488.412006
0.000006 0.000000 82545.602955
-0.099995 0.000000 82564.666604
0.000004 0.000000 82583.730254
0.000000 0.000000 82659.984853
-0.099991 0.000000 82717.175801
-0.099992 0.000000 82736.239451
0.000005 0.000000 82755.303101
0.000004 0.000000 82774.366750
0.000000 0.000000 82793.430400
0.000005 0.000000 82812.494050
-0.099993 0.000000 82831.557699
0.000000 0.000000 82850.621349
0.000006 0.000000 82888.748648
0.000004 0.000000 82907.812298
-0.099996 0.000000 82984.066896
-0.099995 0.000000 83022.194196
0.000004 0.000000 83041.257845
0.000004 0.000000 83174.703393
0.000004 0.000000 83193.767043
-0.099995 0.000000 83212.830692
0.000007 0.000000 83365.339889
-0.099994 0.000000 83384.403539
-0.099995 0.000000 83422.530838
0.000004 0.000000 83441.594488
0.000006 0.000000 83479.721787
0.000008 0.000000 83498.785437
0.000005 0.000000 83517.849086
-0.099994 0.000000 83555.976386
0.000005 0.000000 83575.040035
0.000007 0.000000 83613.167335
0.000005 0.000000 83632.230984
-0.099993 0.000000 83651.294634
0.000005 0.000000 83670.358284
0.000006 0.000000 83746.612882
0.000000 0.000000 83765.676532
0.000006 0.000000 83822.867481
-0.099995 0.000000 83841.931130
0.000007 0.000000 83860.994780
-0.099995 0.000000 83937.249379
-0.099994 0.000000 84051.631277
-0.099992 0.000000 84089.758576
0.000005 0.000000 84185.076824
-0.099996 0.000000 84204.140474
0.000003 0.000000 84242.267773
-0.099994 0.000000 84280.395072
0.000000 0.000000 84299.458722
0.000000 0.000000 84394.776970
0.000006 0.000000 84413.840620
-0.099995 0.000000 84432.904269
0.000004 0.000000 84451.967919
0.000005 0.000000 84471.031569
0.000004 0.000000 84528.222518
0.000005 0.000000 84566.349817
0.000005 0.000000 84604.477116
0.000005 0.000000 84642.604415
-0.099996 0.000000 84661.668065
-0.099997 0.000000 84737.922664
0.000006 0.000000 84756.986313
-0.099995 0.000000 84776.049963
-0.099985 0.000000 84833.240912
0.000000 0.000000 84852.304562
0.000000 0.000000 84871.368211
0.000005 0.000000 84966.686459
0.000005 0.000000 84985.750109
0.000004 0.000000 85004.813759
-0.099993 0.000000 85023.877408
0.000004 0.000000 85081.068357
0.000000 0.000000 85119.195657
0.000005 0.000000 85157.322956
-0.099992 0.000000 85195.450255
-0.099996 0.000000 85214.513905
-0.099996 0.000000 85233.577554
0.000009 0.000000 85252.641204
0.000000 0.000000 85290.768503
-0.099994 0.000000 85347.959452
-0.099991 0.000000 85367.023102
-0.099996 0.000000 85386.086752
0.000004 0.000000 85405.150401
0.000005 0.000000 85443.277700
0.000000 0.000000 85481.405000
-0.099994 0.000000 85519.532299
0.000000 0.000000 85595.786898
0.000004 0.000000 85710.168795
-0.099997 0.000000 85786.423394
0.000005 0.000000 85805.487044
0.000005 0.000000 85824.550693
0.000000 0.000000 85843.614343
-0.099994 0.000000 85881.741642
0.000000 0.000000 85919.868942
0.000005 0.000000 85957.996241
0.000000 0.000000 85996.123540
-0.099997 0.000000 86053.314489
0.000000 0.000000 86110.505438
0.000000 0.000000 86129.569088
-0.099996 0.000000 86167.696387
0.000003 0.000000 86205.823686
0.000000 0.000000 86224.887336
-0.099996 0.000000 86263.014635
-0.099994 0.000000 86320.205584
0.000005 0.000000 86358.332883
0.000003 0.000000 86434.587482
0.000004 0.000000 86491.778431
0.000005 0.000000 86529.905730
-0.099996 0.000000 86568.033029
0.000005 0.000000 86587.096679
0.000000 0.000000 86606.160329
0.000004 0.000000 86625.223978
-0.099996 0.000000 86663.351278
0.000000 0.000000 86682.414927
-0.099996 0.000000 86739.605876
0.000004 0.000000 86758.669526
-0.099994 0.000000 86777.733175
0.000006 0.000000 86834.924124
0.000004 0.000000 86873.051424
-0.099996 0.000000 86892.115073
-0.099995 0.000000 86911.178723
0.000006 0.000000 86930.242373
-0.099995 0.000000 87006.496971
-0.099995 0.000000 87101.815219
0.000005 0.000000 87159.006168
0.000000 0.000000 87216.197117
0.000004 0.000000 87273.388066
-0.099997 0.000000 87311.515365
0.000005 0.000000 87349.642665
0.000004 0.000000 87368.706314
-0.099994 0.000000 87425.897263
0.000000 0.000000 87444.960913
-0.099995 0.000000 87464.024563
0.000004 0.000000 87483.088212
0.000005 0.000000 87521.215512
0.000007 0.000000 87540.279161
-0.099995 0.000000 87559.342811
0.000004 0.000000 87578.406460
0.000005 0.000000 87635.597409
0.000006 0.000000 87673.724709
-0.099996 0.000000 87692.788358
-0.099996 0.000000 87807.170256
0.000006 0.000000 87845.297555
-0.099996 0.000000 87864.361205
0.000000 0.000000 87883.424855
0.000005 0.000000 87902.488504
0.000007 0.000000 87921.552154
-0.099996 0.000000 87940.615804
-0.099995 0.000000 88074.061351
0.000005 0.000000 88112.188650
0.000004 0.000000 88131.252300
-0.099996 0.000000 88188.443249
0.000004 0.000000 88226.570548
0.000007 0.000000 88321.888797
0.000004 0.000000 88360.016096
-0.099997 0.000000 88379.079745
-0.099997 0.000000 88436.270694
0.000004 0.000000 88626.907191
0.000000 0.000000 88645.970840
0.000000 0.000000 88665.034490
0.000003 0.000000 88741.289089
0.000007 0.000000 88760.352738
0.000005 0.000000 88779.416388
-0.099994 0.000000 88817.543687
-0.099995 0.000000 88855.670987
-0.099995 0.000000 88893.798286
-0.099995 0.000000 88950.989235
0.000005 0.000000 88970.052884
0.000000 0.000000 88989.116534
0.000006 0.000000 89046.307483
0.000006 0.000000 89084.434782
0.000005 0.000000 89160.689381
0.000004 0.000000 89198.816680
-0.099997 0.000000 89217.880330
0.000004 0.000000 89236.943979
0.000005 0.000000 89275.071279
0.000004 0.000000 89332.262228
-0.099996 0.000000 89541.962374
0.000000 0.000000 89561.026023
0.000014 0.000000 89580.089673
0.000006 0.000000 89599.153323
0.000000 0.000000 89637.280622
0.000005 0.000000 89656.344272
-0.099994 0.000000 89675.407921
0.000007 0.000000 89751.662520
0.000000 0.000000 89770.726169
0.000003 0.000000 89827.917118
-0.099996 0.000000 89846.980768
-0.099995 0.000000 89866.044418
-0.099995 0.000000 89961.362666
-0.099995 0.000000 90075.744564
0.000000 0.000000 90094.808213
0.000005 0.000000 90171.062812
0.000000 0.000000 90266.381060
-0.099994 0.000000 90285.444710
0.000005 0.000000 90342.635659
0.000004 0.000000 90437.953907
0.000006 0.000000 90476.081206
0.000000 0.000000 90495.144856
-0.099995 0.000000 90514.208506
0.000005 0.000000 90590.463104
0.000003 0.000000 90628.590403
0.000004 0.000000 90647.654053
-0.099994 0.000000 90685.781352
-0.099995 0.000000 90704.845002
-0.099993 0.000000 90762.035951
-0.099997 0.000000 90819.226900
0.000004 0.000000 90895.481498
0.000005 0.000000 90914.545148
0.000000 0.000000 90952.672447
0.000000 0.000000 90971.736097
-0.099994 0.000000 90990.799747
0.000005 0.000000 91009.863396
0.000004 0.000000 91047.990696
-0.099995 0.000000 91067.054345
0.000002 0.000000 91086.117995
0.000004 0.000000 91162.372593
0.000006 0.000000 91238.627192
0.000000 0.000000 91257.690842
0.000005 0.000000 91353.009090
0.000007 0.000000 91372.072739
0.000004 0.000000 91448.327338
0.000000 0.000000 91524.581937
-0.099996 0.000000 91619.900185
0.000004 0.000000 91848.663981
-0.099994 0.000000 91905.854929
0.000005 0.000000 91943.982229
0.000006 0.000000 92001.173178
-0.099994 0.000000 92039.300477
0.000004 0.000000 92077.427776
-0.099994 0.000000 92172.746024
-0.099996 0.000000 92268.064273
0.000003 0.000000 92306.191572
-0.099996 0.000000 92496.828068
0.000000 0.000000 92573.082667
-0.099995 0.000000 92668.400915
0.000005 0.000000 92706.528214
-0.099994 0.000000 92744.655514
0.000004 0.000000 92801.846463
-0.099995 0.000000 92839.973762
0.000002 0.000000 92878.101061
0.000000 0.000000 92973.419309
0.000004 0.000000 92992.482959
0.000000 0.000000 93011.546609
0.000004 0.000000 93049.673908
0.000000 0.000000 93183.119456
0.000006 0.000000 93240.310404
0.000005 0.000000 93278.437704
-0.099996 0.000000 93316.565003
-0.099994 0.000000 93335.628653
-0.099995 0.000000 93488.137850
0.000000 0.000000 93621.583397
-0.099993 0.000000 93640.647047
0.000005 0.000000 93659.710697
-0.099994 0.000000 93697.837996
-0.099995 0.000000 93850.347193
0.000005 0.000000 93869.410843
0.000000 0.000000 94079.110989
0.000000 0.000000 94098.174638
-0.099994 0.000000 94155.365587
0.000004 0.000000 94174.429237
0.000004 0.000000 94193.492887
0.000004 0.000000 94212.556536
-0.099996 0.000000 94250.683836
0.000009 0.000000 94326.938434
0.000000 0.000000 94384.129383
0.000006 0.000000 94403.193033
0.000008 0.000000 94422.256682
0.000000 0.000000 94460.383982
-0.099994 0.000000 94498.511281
0.000006 0.000000 94517.574931
0.000000 0.000000 94536.638580
0.000005 0.000000 94593.829529
0.000000 0.000000 94670.084128
0.000000 0.000000 94689.147777
0.000005 0.000000 94708.211427
0.000000 0.000000 94727.275077
0.000000 0.000000 94803.529675
0.000005 0.000000 94841.656975
-0.099994 0.000000 94994.166172
0.000005 0.000000 95032.293471
0.000004 0.000000 95089.484420
0.000004 0.000000 95241.993617
0.000000 0.000000 95280.120916
0.000003 0.000000 95413.566464
-0.099993 0.000000 95451.693763
0.000006 0.000000 95585.139311
0.000000 0.000000 95661.393909
0.000004 0.000000 95832.966756
-0.099993 0.000000 95871.094055
0.000004 0.000000 95947.348654
-0.099997 0.000000 96004.539603
0.000000 0.000000 96042.666902
0.000004 0.000000 96061.730552
0.000000 0.000000 96118.921501
-0.099993 0.000000 96233.303398
0.000003 0.000000 96252.367048
0.000005 0.000000 96366.748946
0.000005 0.000000 96481.130844
0.000000 0.000000 96500.194493
-0.099996 0.000000 96519.258143
0.000004 0.000000 96595.512742
-0.099996 0.000000 96652.703691
-0.099997 0.000000 96709.894640
-0.099995 0.000000 96767.085588
0.000006 0.000000 96881.467486
-0.099995 0.000000 96919.594786
0.000005 0.000000 97033.976683
-0.099997 0.000000 97148.358581
0.000000 0.000000 97167.422231
0.000008 0.000000 97186.485881
0.000000 0.000000 97224.613180
0.000007 0.000000 97243.676830
0.000000 0.000000 97338.995078
-0.099997 0.000000 97358.058727
0.000005 0.000000 97377.122377
-0.099993 0.000000 97472.440625
0.000004 0.000000 97624.949822
0.000007 0.000000 97720.268071
0.000000 0.000000 97777.459020
-0.099996 0.000000 97815.586319
-0.099996 0.000000 97834.649968
0.000005 0.000000 97891.840917
-0.099995 0.000000 97929.968217
-0.099995 0.000000 98063.413764
-0.099995 0.000000 98120.604713
0.000000 0.000000 98177.795662
-0.099994 0.000000 98215.922961
0.000004 0.000000 98234.986611
0.000000 0.000000 98311.241210
0.000000 0.000000 98368.432158
0.000005 0.000000 98559.068655
0.000000 0.000000 98578.132305
0.000000 0.000000 98597.195954
0.000005 0.000000 98673.450553
0.000004 0.000000 98749.705151
0.000000 0.000000 98768.768801
0.000004 0.000000 98883.150699
0.000004 0.000000 98978.468947
0.000006 0.000000 99035.659896
0.000004 0.000000 99169.105443
0.000005 0.000000 99264.423692
0.000005 0.000000 99359.741940
-0.099995 0.000000 99397.869239
-0.099995 0.000000 99435.996538
0.000007 0.000000 99550.378436
-0.099994 0.000000 99607.569385
-0.099991 0.000000 99626.633035
0.000000 0.000000 99683.823984
0.000004 0.000000 99702.887634
0.000002 0.000000 99798.205882
-0.099997 0.000000 99836.333181
0.000006 0.000000 99874.460480
-0.099995 0.000000 99893.524130
0.000000 0.000000 100103.224276
0.000000 0.000000 100122.287926
-0.099995 0.000000 100179.478875
0.000004 0.000000 100255.733473
-0.099995 0.000000 100274.797123
0.000004 0.000000 100427.306320
-0.099997 0.000000 100617.942816
0.000004 0.000000 100694.197415
0.000005 0.000000 100827.642962
0.000000 0.000000 100865.770262
0.000005 0.000000 100884.833911
0.000005 0.000000 100903.897561
0.000005 0.000000 100980.152160
0.000000 0.000000 101037.343109
0.000004 0.000000 101113.597707
0.000006 0.000000 101208.915955
-0.099997 0.000000 101304.234204
-0.099995 0.000000 101456.743401
0.000007 0.000000 101475.807050
0.000005 0.000000 101513.934350
0.000000 0.000000 101628.316247
-0.099995 0.000000 101685.507196
-0.099996 0.000000 101761.761795
0.000006 0.000000 101818.952744
0.000003 0.000000 102009.589240
-0.099996 0.000000 102028.652890
0.000003 0.000000 102066.780189
0.000005 0.000000 102219.289386
-0.099996 0.000000 102333.671284
0.000005 0.000000 102543.371430
0.000000 0.000000 102657.753328
0.000006 0.000000 102676.816978
-0.099996 0.000000 102734.007927
0.000004 0.000000 102772.135226
0.000000 0.000000 102810.262525
0.000004 0.000000 102886.517124
-0.099995 0.000000 102943.708073
-0.099995 0.000000 103077.153620
0.000005 0.000000 103229.662817
0.000000 0.000000 103248.726467
0.000004 0.000000 103363.108365
0.000000 0.000000 103401.235664
0.000000 0.000000 103439.362964
0.000006 0.000000 103477.490263
-0.099995 0.000000 103534.681212
-0.099994 0.000000 103553.744861
0.000000 0.000000 103725.317708
0.000004 0.000000 103801.572307
0.000005 0.000000 103877.826905
0.000000 0.000000 104220.972599
0.000004 0.000000 104468.800044
0.000000 0.000000 104487.863694
0.000005 0.000000 104659.436541
0.000000 0.000000 104678.500190
0.000000 0.000000 104697.563840
-0.099995 0.000000 105021.645884
0.000005 0.000000 105364.791578
0.000005 0.000000 105402.918877
0.000007 0.000000 105421.982526
0.000006 0.000000 105460.109826
0.000004 0.000000 105593.555373
0.000003 0.000000 105631.682673
0.000003 0.000000 105650.746322
-0.099995 0.000000 105669.809972
-0.099994 0.000000 105898.573768
0.000000 0.000000 105955.764716
0.000004 0.000000 105974.828366
0.000004 0.000000 105993.892016
-0.099995 0.000000 106012.955665
0.000000 0.000000 106051.082965
0.000007 0.000000 106146.401213
-0.099995 0.000000 106203.592162
0.000005 0.000000 106222.655811
0.000005 0.000000 106260.783111
0.000001 0.000000 106317.974060
0.000000 0.000000 106356.101359
0.000005 0.000000 106394.228658
0.000000 0.000000 106413.292308
0.000005 0.000000 106432.355958
0.000006 0.000000 106565.801505
0.000005 0.000000 106642.056104
0.000000 0.000000 106756.438001
-0.099996 0.000000 106794.565301
0.000007 0.000000 106966.138148
0.000004 0.000000 106985.201797
0.000005 0.000000 107061.456396
0.000004 0.000000 107175.838294
-0.099995 0.000000 107233.029243
-0.099996 0.000000 107290.220191
0.000009 0.000000 107423.665739
0.000002 0.000000 107461.793038
0.000006 0.000000 107538.047637
0.000000 0.000000 107576.174936
-0.099993 0.000000 107633.365885
-0.099994 0.000000 107652.429535
0.000000 0.000000 107671.493184
0.000005 0.000000 107804.938732
0.000006 0.000000 108014.638878
0.000000 0.000000 108090.893476
0.000008 0.000000 108167.148075
0.000002 0.000000 108205.275374
0.000004 0.000000 108243.402674
-0.099995 0.000000 108281.529973
-0.099994 0.000000 108300.593623
-0.099996 0.000000 108510.293769
0.000000 0.000000 108529.357418
0.000005 0.000000 108681.866615
0.000006 0.000000 108700.930265
0.000004 0.000000 108796.248513
-0.099994 0.000000 108815.312163
0.000006 0.000000 108834.375813
-0.099997 0.000000 108891.566761
0.000005 0.000000 108910.630411
0.000005 0.000000 108986.885010
0.000000 0.000000 109120.330557
0.000000 0.000000 109291.903404
0.000006 0.000000 109310.967054
0.000005 0.000000 109368.158003
0.000007 0.000000 109539.730849
0.000000 0.000000 109577.858149
-0.099996 0.000000 109673.176397
0.000000 0.000000 109692.240046
0.000000 0.000000 109730.367346
-0.099995 0.000000 109901.940193
0.000005 0.000000 109921.003842
0.000003 0.000000 109940.067492
0.000006 0.000000 109997.258441
0.000000 0.000000 110054.449390
0.000006 0.000000 110073.513039
0.000006 0.000000 110092.576689
0.000005 0.000000 110187.894937
0.000005 0.000000 110245.085886
-0.099989 0.000000 110264.149536
0.000008 0.000000 110302.276835
0.000005 0.000000 110454.786032
0.000005 0.000000 110473.849682
0.000000 0.000000 110511.976981
-0.099995 0.000000 110569.167930
0.000005 0.000000 110588.231580
-0.099996 0.000000 110626.358879
-0.099995 0.000000 110740.740777
0.000000 0.000000 110797.931726
-0.099995 0.000000 110893.249974
0.000003 0.000000 110988.568222
0.000002 0.000000 111064.822821
0.000006 0.000000 111102.950120
0.000004 0.000000 111236.395668
0.000000 0.000000 111274.522967
0.000000 0.000000 111293.586617
0.000003 0.000000 111350.777565
-0.099996 0.000000 111522.350412
0.000001 0.000000 111732.050558
0.000006 0.000000 111789.241507
-0.099997 0.000000 111846.432456
-0.099996 0.000000 111941.750704
0.000005 0.000000 111998.941653
0.000003 0.000000 112094.259902
-0.099992 0.000000 112303.960048
0.000007 0.000000 112456.469245
-0.099994 0.000000 112475.532894
0.000005 0.000000 112551.787493
0.000000 0.000000 112570.851143
-0.099996 0.000000 112589.914792
-0.099996 0.000000 112723.360340
-0.099995 0.000000 112799.614938
0.000000 0.000000 112913.996836
-0.099997 0.000000 112971.187785
0.000003 0.000000 113028.378734
-0.099997 0.000000 113238.078880
-0.099996 0.000000 113276.206179
0.000005 0.000000 113504.969975
0.000004 0.000000 113543.097274
-0.099995 0.000000 113619.351873
0.000004 0.000000 113714.670121
0.000005 0.000000 113981.561216
0.000000 0.000000 114038.752165
-0.099994 0.000000 114076.879464
0.000000 0.000000 114210.325012
0.000006 0.000000 114343.770559
0.000005 0.000000 114381.897859
0.000004 0.000000 114400.961508
0.000006 0.000000 114439.088808
0.000005 0.000000 114458.152457
0.000006 0.000000 114515.343406
0.000003 0.000000 114591.598005
-0.099995 0.000000 114629.725304
0.000006 0.000000 114744.107202
0.000007 0.000000 114801.298151
0.000005 0.000000 114820.361800
-0.099996 0.000000 114858.489100
0.000000 0.000000 114877.552749
0.000006 0.000000 115087.252895
0.000004 0.000000 115163.507494
-0.099996 0.000000 115182.571144
0.000005 0.000000 115316.016691
0.000006 0.000000 115373.207640
0.000000 0.000000 115449.462239
0.000000 0.000000 115678.226034
0.000005 0.000000 115697.289684
0.000006 0.000000 115716.353334
-0.099994 0.000000 115754.480633
-0.099996 0.000000 115773.544283
0.000004 0.000000 115887.926181
0.000000 0.000000 115983.244429
0.000006 0.000000 116021.371728
-0.099996 0.000000 116078.562677
0.000003 0.000000 116097.626327
0.000004 0.000000 116116.689976
-0.099995 0.000000 116212.008224
0.000005 0.000000 116421.708371
0.000005 0.000000 116726.726765
0.000005 0.000000 116822.045013
-0.099996 0.000000 116879.235962
0.000004 0.000000 116955.490561
-0.099994 0.000000 116974.554210
0.000005 0.000000 117031.745159
0.000000 0.000000 117260.508955
0.000005 0.000000 117336.763553
-0.099996 0.000000 117393.954502
0.000007 0.000000 117508.336400
0.000000 0.000000 117584.590999
0.000003 0.000000 117622.718298
-0.099995 0.000000 117641.781948
-0.099995 0.000000 117718.036546
0.000006 0.000000 117756.163846
-0.099994 0.000000 117794.291145
0.000005 0.000000 117889.609393
0.000002 0.000000 117908.673043
0.000000 0.000000 117965.863992
0.000003 0.000000 118023.054941
-0.099997 0.000000 118156.500488
0.000006 0.000000 118194.627787
0.000005 0.000000 118213.691437
0.000000 0.000000 118270.882386
0.000005 0.000000 118289.946036
0.000004 0.000000 118347.136984
0.000000 0.000000 118499.646182
-0.099995 0.000000 118518.709831
0.000004 0.000000 118594.964430
0.000000 0.000000 118671.219028
0.000006 0.000000 118728.409977
-0.099996 0.000000 118861.855525
0.000000 0.000000 118919.046474
0.000004 0.000000 118976.237423
0.000005 0.000000 119090.619321
-0.099995 0.000000 119224.064868
-0.099997 0.000000 119262.192167
0.000005 0.000000 119281.255817
-0.099996 0.000000 119357.510416
0.000000 0.000000 119567.210562
0.000000 0.000000 119681.592459
0.000003 0.000000 119700.656109
0.000005 0.000000 119719.719759
0.000005 0.000000 119815.038007
-0.099994 0.000000 119853.165306
0.000007 0.000000 119910.356255
0.000005 0.000000 119986.610854
0.000004 0.000000 120062.865452
-0.099995 0.000000 120139.120051
0.000000 0.000000 120215.374649
0.000003 0.000000 120234.438299
-0.099994 0.000000 120310.692898
0.000000 0.000000 120348.820197
0.000000 0.000000 120406.011146
0.000005 0.000000 120463.202095
0.000004 0.000000 120577.583993
0.000007 0.000000 120615.711292
0.000004 0.000000 120634.774942
-0.099994 0.000000 120653.838591
0.000000 0.000000 120691.965891
-0.099994 0.000000 120730.093190
-0.099996 0.000000 120768.220489
-0.099995 0.000000 120806.347788
0.000004 0.000000 120825.411438
0.000003 0.000000 120844.475088
0.000005 0.000000 120958.856986
0.000004 0.000000 120996.984285
0.000000 0.000000 121073.238883
0.000000 0.000000 121092.302533
-0.099993 0.000000 121149.493482
-0.099996 0.000000 121263.875380
0.000005 0.000000 121511.702825
0.000000 0.000000 121530.766475
0.000004 0.000000 121664.212022
-0.099984 0.000000 121759.530271
-0.099995 0.000000 121873.912168
-0.099996 0.000000 122045.485015
-0.099996 0.000000 122083.612315
-0.099995 0.000000 122121.739614
0.000004 0.000000 122255.185161
0.000004 0.000000 122274.248811
-0.099996 0.000000 122331.439760
0.000000 0.000000 122388.630709
0.000006 0.000000 122426.758008
-0.099994 0.000000 122503.012607
-0.099995 0.000000 122579.267205
0.000000 0.000000 122674.585453
-0.099996 0.000000 122693.649103
0.000004 0.000000 122750.840052
-0.099994 0.000000 122788.967351
-0.099999 0.000000 122808.031001
0.000005 0.000000 122865.221950
0.000005 0.000000 122960.540198
0.000004 0.000000 123093.985746
0.000005 0.000000 123113.049395
0.000008 0.000000 123208.367643
0.000006 0.000000 123246.494943
0.000004 0.000000 123284.622242
0.000003 0.000000 123475.258738
-0.099996 0.000000 123513.386038
0.000000 0.000000 123570.576987
0.000000 0.000000 123742.149833
0.000005 0.000000 123780.277133
0.000004 0.000000 123818.404432
0.000008 0.000000 123913.722680
-0.099995 0.000000 123951.849980
0.000004 0.000000 123989.977279
0.000005 0.000000 124104.359177
0.000005 0.000000 124199.677425
0.000004 0.000000 124218.741075
0.000003 0.000000 124275.932023
0.000005 0.000000 124294.995673
-0.099994 0.000000 124333.122972
-0.099995 0.000000 124352.186622
0.000000 0.000000 124371.250272
0.000000 0.000000 124504.695819
-0.099996 0.000000 124542.823118
-0.099994 0.000000 124580.950418
-0.099996 0.000000 124714.395965
0.000007 0.000000 124771.586914
0.000000 0.000000 124924.096111
0.000004 0.000000 124981.287060
0.000000 0.000000 125038.478009
0.000006 0.000000 125114.732608
-0.099996 0.000000 125152.859907
0.000003 0.000000 125171.923557
0.000006 0.000000 125190.987206
0.000005 0.000000 125229.114506
-0.099994 0.000000 125305.369104
0.000005 0.000000 125400.687352
-0.099995 0.000000 125572.260199
0.000000 0.000000 125877.278593
-0.099996 0.000000 125896.342243
-0.099998 0.000000 125915.405893
0.000005 0.000000 126010.724141
-0.099996 0.000000 126067.915090
0.000004 0.000000 126086.978740
0.000003 0.000000 126201.360637
0.000006 0.000000 126239.487937
0.000004 0.000000 126372.933484
0.000004 0.000000 126449.188083
-0.099996 0.000000 126468.251732
0.000004 0.000000 126525.442681
0.000000 0.000000 126620.760930
0.000003 0.000000 126868.588375
-0.099995 0.000000 126887.652025
-0.099984 0.000000 126925.779324
0.000004 0.000000 127078.288521
0.000008 0.000000 127135.479470
0.000004 0.000000 127211.734069
-0.099995 0.000000 127287.988667
-0.099997 0.000000 127326.115966
-0.099996 0.000000 127688.325310
0.000000 0.000000 127859.898156
0.000005 0.000000 127878.961806
-0.099995 0.000000 128088.661952
0.000004 0.000000 128164.916551
-0.099996 0.000000 128222.107500
-0.099993 0.000000 128336.489397
0.000003 0.000000 128355.553047
0.000007 0.000000 128374.616697
0.000008 0.000000 128412.743996
-0.099996 0.000000 128450.871295
0.000006 0.000000 128488.998595
0.000005 0.000000 128546.189544
-0.099997 0.000000 128603.380492
-0.099995 0.000000 128679.635091
-0.099995 0.000000 128717.762390
0.000000 0.000000 128851.207938
0.000004 0.000000 128965.589836
-0.099996 0.000000 128984.653485
-0.099995 0.000000 129118.099033
0.000006 0.000000 129289.671880
-0.099995 0.000000 129384.990128
-0.099996 0.000000 129518.435675
0.000003 0.000000 129651.881223
0.000003 0.000000 129728.135821
0.000005 0.000000 129747.199471
0.000000 0.000000 129766.263121
0.000000 0.000000 129842.517719
-0.099995 0.000000 129880.645019
0.000004 0.000000 129937.835967
0.000003 0.000000 129956.899617
0.000004 0.000000 129995.026916
-0.099994 0.000000 130509.745457
-0.099996 0.000000 130605.063705
-0.099995 0.000000 130662.254654
-0.099996 0.000000 130929.145749
0.000006 0.000000 130948.209399
-0.099996 0.000000 131024.463997
0.000006 0.000000 131157.909545
-0.099995 0.000000 131348.546041
-0.099995 0.000000 131443.864289
0.000000 0.000000 131462.927939
0.000006 0.000000 131596.373486
-0.099996 0.000000 131653.564435
0.000006 0.000000 131806.073633
0.000000 0.000000 131920.455530
-0.099995 0.000000 131996.710129
0.000000 0.000000 132092.028377
0.000004 0.000000 132206.410275
-0.099996 0.000000 132320.792173
-0.099995 0.000000 132377.983122
-0.099997 0.000000 132473.301370
0.000006 0.000000 132587.683268
0.000000 0.000000 132797.383414
-0.099995 0.000000 133102.401808
0.000000 0.000000 133159.592757
0.000005 0.000000 133293.038305
0.000003 0.000000 133674.311298
0.000007 0.000000 133693.374947
0.000004 0.000000 133712.438597
0.000005 0.000000 133788.693195
-0.099997 0.000000 133864.947794
0.000004 0.000000 134036.520641
0.000004 0.000000 134055.584290
-0.099996 0.000000 134074.647940
-0.099993 0.000000 134112.775239
-0.099996 0.000000 134131.838889
0.000000 0.000000 134265.284436
0.000003 0.000000 134284.348086
-0.099993 0.000000 134303.411736
-0.099997 0.000000 134322.475385
-0.099995 0.000000 134341.539035
-0.099995 0.000000 134360.602685
0.000005 0.000000 134417.793634
0.000004 0.000000 134436.857283
-0.099995 0.000000 134589.366480
-0.099997 0.000000 134780.002977
0.000005 0.000000 134818.130276
0.000006 0.000000 134856.257575
0.000004 0.000000 134894.384875
-0.099995 0.000000 134932.512174
-0.099996 0.000000 135027.830422
0.000000 0.000000 135218.466919
-0.099995 0.000000 135313.785167
0.000004 0.000000 135332.848816
0.000005 0.000000 135351.912466
-0.099993 0.000000 135390.039765
-0.099994 0.000000 135428.167065
-0.099994 0.000000 135504.421663
0.000004 0.000000 135523.485313
0.000000 0.000000 135542.548963
-0.099996 0.000000 135847.567357
0.000004 0.000000 135866.631006
-0.099991 0.000000 136019.140204
0.000004 0.000000 136076.331153
0.000000 0.000000 136095.394802
0.000000 0.000000 136190.713050
0.000005 0.000000 136286.031299
0.000005 0.000000 136305.094948
0.000005 0.000000 136419.476846
-0.099997 0.000000 136686.367941
-0.099995 0.000000 136762.622540
0.000006 0.000000 136915.131737
0.000007 0.000000 137086.704584
0.000004 0.000000 137105.768233
0.000000 0.000000 137143.895533
-0.099992 0.000000 137162.959182
-0.099996 0.000000 137410.786628
0.000005 0.000000 137467.977577
0.000005 0.000000 137544.232175
0.000000 0.000000 137620.486774
0.000004 0.000000 137734.868672
0.000006 0.000000 138078.014365
0.000004 0.000000 138573.669256
0.000006 0.000000 138611.796555
-0.099995 0.000000 138840.560351
-0.099997 0.000000 138897.751300
-0.099995 0.000000 139317.151592
0.000000 0.000000 139584.042687
0.000005 0.000000 139869.997432
-0.099996 0.000000 139946.252030
0.000004 0.000000 140079.697578
-0.099994 0.000000 140175.015826
0.000006 0.000000 140289.397724
0.000000 0.000000 140327.525023
0.000005 0.000000 140575.352468
0.000000 0.000000 140594.416118
0.000004 0.000000 140708.798016
-0.099994 0.000000 140804.116264
-0.099994 0.000000 140918.498162
0.000000 0.000000 140994.752760
-0.099995 0.000000 141109.134658
0.000003 0.000000 141299.771155
0.000005 0.000000 141795.426046
0.000005 0.000000 142672.353929
-0.099996 0.000000 142748.608528
0.000004 0.000000 142920.181374
-0.099996 0.000000 142958.308674
0.000004 0.000000 143091.754221
0.000005 0.000000 143110.817871
0.000004 0.000000 143129.881521
-0.099996 0.000000 143434.899915
0.000000 0.000000 143473.027214
0.000000 0.000000 143511.154513
0.000000 0.000000 143644.600061
0.000004 0.000000 143778.045608
0.000006 0.000000 143949.618455
0.000003 0.000000 144025.873054
-0.099995 0.000000 144064.000353
0.000005 0.000000 144121.191302
0.000005 0.000000 144426.209696
0.000000 0.000000 144445.273346
-0.099995 0.000000 144674.037142
-0.099989 0.000000 144769.355390
-0.099995 0.000000 144902.800937
0.000003 0.000000 144979.055536
0.000005 0.000000 145550.965025
0.000000 0.000000 145817.856120
-0.099995 0.000000 145855.983419
-0.099996 0.000000 146065.683566
-0.099994 0.000000 146427.892909
-0.099995 0.000000 146446.956558
0.000005 0.000000 146466.020208
-0.099995 0.000000 146675.720354
0.000005 0.000000 146923.547800
0.000004 0.000000 146961.675099
0.000007 0.000000 147400.139041
0.000004 0.000000 147495.457289
0.000000 0.000000 147762.348384
0.000004 0.000000 148200.812326
0.000004 0.000000 148639.276267
-0.099995 0.000000 148658.339917
0.000003 0.000000 148715.530866
0.000003 0.000000 148982.421961
-0.099995 0.000000 149192.122107
0.000006 0.000000 150145.304589
0.000000 0.000000 150297.813786
-0.099997 0.000000 150736.277728
0.000000 0.000000 150831.595976
-0.099997 0.000000 150869.723276
0.000004 0.000000 151155.678020
-0.099997 0.000000 151174.741670
0.000004 0.000000 151556.014663
0.000009 0.000000 151594.141962
0.000000 0.000000 151880.096707
0.000006 0.000000 152261.369700
-0.099992 0.000000 152394.815247
0.000005 0.000000 152432.942546
0.000005 0.000000 152776.088240
-0.099996 0.000000 152814.215539
0.000004 0.000000 153195.488532
-0.099996 0.000000 153691.143423
-0.099992 0.000000 153729.270722
0.000000 0.000000 154072.416416
0.000000 0.000000 154167.734664
0.000000 0.000000 154606.198606
0.000004 0.000000 154682.453204
0.000000 0.000000 154777.771452
0.000004 0.000000 155273.426343
0.000000 0.000000 155311.553642
0.000009 0.000000 155616.572037
0.000000 0.000000 155864.399482
0.000000 0.000000 156760.391015
0.000004 0.000000 156874.772913
0.000000 0.000000 157256.045906
0.000000 0.000000 157389.491454
-0.099996 0.000000 157446.682403
0.000000 0.000000 157599.191600
-0.099994 0.000000 158132.973790
0.000008 0.000000 158190.164739
0.000005 0.000000 158399.864885
0.000005 0.000000 158533.310432
0.000000 0.000000 159276.792768
0.000000 0.000000 159581.811163
0.000004 0.000000 159715.256710
-0.099996 0.000000 159848.702258
-0.099996 0.000000 159982.147805
0.000000 0.000000 161068.775835
0.000000 0.000000 161392.857879
0.000005 0.000000 161411.921528
0.000003 0.000000 161621.621674
-0.099994 0.000000 162174.467514
0.000003 0.000000 162631.995105
-0.099996 0.000000 162784.504303
-0.099994 0.000000 162879.822551
0.000006 0.000000 163070.459047
0.000000 0.000000 163146.713646
0.000003 0.000000 163680.495836
0.000000 0.000000 163756.750434
0.000000 0.000000 164214.278026
-0.099995 0.000000 164309.596274
0.000005 0.000000 164481.169121
0.000005 0.000000 164519.296420
-0.099996 0.000000 164557.423719
-0.099992 0.000000 164576.487369
-0.099996 0.000000 164614.614668
0.000000 0.000000 164671.805617
0.000000 0.000000 165777.497297
-0.099994 0.000000 165815.624596
0.000000 0.000000 166349.406786
0.000000 0.000000 166768.807078
-0.099995 0.000000 167054.761823
0.000000 0.000000 167092.889122
0.000004 0.000000 167760.116859
-0.099996 0.000000 167969.817006
0.000000 0.000000 168427.344597
0.000004 0.000000 168827.681239
0.000003 0.000000 168846.744889
0.000000 0.000000 169342.399780
0.000000 0.000000 169933.372919
0.000000 0.000000 170352.773211
0.000000 0.000000 170943.746350
0.000000 0.000000 172564.156569
-0.099996 0.000000 172621.347518
0.000000 0.000000 174260.821388
0.000000 0.000000 174451.457884
-0.099995 0.000000 175004.303724
0.000000 0.000000 175652.467812
-0.099997 0.000000 175843.104308
0.000004 0.000000 176186.250002
0.000006 0.000000 176281.568250
0.000000 0.000000 176700.968542
0.000000 0.000000 177654.151024
0.000004 0.000000 178435.760660
0.000005 0.000000 179141.115696
-0.099996 0.000000 179998.979930
0.000000 0.000000 180189.616427
0.000004 0.000000 180589.953069
0.000000 0.000000 181295.308106
0.000000 0.000000 181562.199201
0.000000 0.000000 182420.063435
0.000004 0.000000 182477.254384
0.000000 0.000000 182915.718326
0.000005 0.000000 183106.354822
0.000006 0.000000 183602.009713
-0.099995 0.000000 183811.709859
0.000000 0.000000 184307.364750
0.000000 0.000000 184478.937596
0.000005 0.000000 185413.056429
0.000004 0.000000 185775.265772
-0.099996 0.000000 186328.111612
0.000000 0.000000 186461.557159
0.000005 0.000000 186823.766503
0.000000 0.000000 187185.975846
0.000000 0.000000 187910.394532
0.000000 0.000000 188024.776430
0.000000 0.000000 188386.985773
0.000000 0.000000 188463.240372
0.000004 0.000000 188730.131467
0.000000 0.000000 190217.096139
0.000000 0.000000 190693.687380
0.000000 0.000000 192695.370593
0.000000 0.000000 193229.152783
0.000000 0.000000 194258.589863
0.000000 0.000000 195059.263148
0.000005 0.000000 195631.172638
0.000000 0.000000 196317.464025
0.000000 0.000000 197747.237748
0.000000 0.000000 198166.638040
0.000000 0.000000 199157.947822
-0.099995 0.000000 199215.138771
0.000000 0.000000 199539.220815
0.000000 0.000000 200416.148698
0.000004 0.000000 200835.548990
0.000005 0.000000 201502.776728
-0.099995 0.000000 202170.004465
0.000000 0.000000 202722.850305
0.000000 0.000000 202875.359502
0.000000 0.000000 205353.633956
0.000000 0.000000 206001.798044
0.000000 0.000000 206344.943737
0.000006 0.000000 207031.235124
0.000001 0.000000 207412.508117
0.000000 0.000000 208365.690599
0.000005 0.000000 209547.636877
0.000000 0.000000 210443.628410
0.000000 0.000000 211244.301695
0.000000 0.000000 214256.358339
0.000000 0.000000 215381.113668
0.000000 0.000000 217306.542282
0.000000 0.000000 218355.043012
0.000004 0.000000 219251.034545
0.000000 0.000000 219803.880385
0.000000 0.000000 221004.890313
0.000000 0.000000 221252.717758
0.000000 0.000000 223006.573525
0.000000 0.000000 223292.528270
0.000000 0.000000 223464.101117
0.000000 0.000000 224512.601847
0.000006 0.000000 225275.147833
-0.099997 0.000000 226800.239804
0.000000 0.000000 228268.140827
0.000000 0.000000 229183.196010
0.000000 0.000000 229659.787251
0.000000 0.000000 232709.971194
0.000004 0.000000 233910.981121
0.000000 0.000000 234902.290902
0.000000 0.000000 239172.548423
0.000000 0.000000 240583.258496
0.000000 0.000000 241002.658788
0.000000 0.000000 241212.358934
0.000000 0.000000 241765.204774
0.000000 0.000000 242375.241563
0.000000 0.000000 242870.896453
0.000005 0.000000 248018.081857
-0.099996 0.000000 248056.209156
-0.099996 0.000000 248323.100251
0.000000 0.000000 249581.301128
0.000000 0.000000 250763.247406
0.000000 0.000000 252364.593976
0.000000 0.000000 252955.567115
0.000000 0.000000 255224.141422
0.000000 0.000000 256844.551642
0.000000 0.000000 257435.524781
0.000000 0.000000 258198.070766
0.000000 0.000000 260886.045366
0.000000 0.000000 263097.428725
0.000000 0.000000 264260.311353
0.000000 0.000000 265671.021426
0.000000 0.000000 268187.423179
0.000000 0.000000 268416.186975
0.000000 0.000000 268835.587267
0.000000 0.000000 268969.032815
0.000000 0.000000 271142.288874
0.000000 0.000000 275698.501139
0.000000 0.000000 276079.774132
0.000000 0.000000 276461.047124
0.000000 0.000000 276842.320117
0.000000 0.000000 279739.994863
0.000000 0.000000 280159.395155
0.000000 0.000000 284658.416471
0.000000 0.000000 293484.886256
0.000000 0.000000 294266.495891
0.000000 0.000000 296763.833994
0.000000 0.000000 300233.418229
0.000000 0.000000 301377.237208
0.000000 0.000000 301911.019398
0.000000 0.000000 302158.846843
0.000000 0.000000 303188.283924
0.000000 0.000000 304084.275457
0.000000 0.000000 306810.377356
0.000000 0.000000 307286.968597
0.000000 0.000000 308430.787576
0.000000 0.000000 308468.914875
0.000000 0.000000 309383.970058
0.000000 0.000000 310299.025241
0.000000 0.000000 316990.366266
0.000000 0.000000 318076.994295
0.000000 0.000000 318915.794880
0.000000 0.000000 319239.876924
0.000000 0.000000 319525.831668
0.000000 0.000000 320974.669041
0.000000 0.000000 321089.050939
0.000000 0.000000 324082.043933
0.000000 0.000000 324329.871378
0.000000 0.000000 326693.763934
0.000000 0.000000 327094.100577
0.000000 0.000000 327913.837511
0.000000 0.000000 328504.810650
0.000000 0.000000 329172.038388
0.000000 0.000000 329610.502329
0.000000 0.000000 339943.000436
0.000000 0.000000 342993.184379
0.000000 0.000000 346653.405110
0.000000 0.000000 350180.180294
0.000000 0.000000 352105.608908
0.000000 0.000000 353497.255332
0.000000 0.000000 353687.891829
0.000000 0.000000 355479.874895
0.000000 0.000000 356318.675479
0.000000 0.000000 357195.603363
0.000000 0.000000 357348.112560
0.000000 0.000000 360436.423802
0.000000 0.000000 362094.961321
0.000000 0.000000 363200.653001
0.000000 0.000000 365755.182053
0.000000 0.000000 371417.085997
0.000000 0.000000 374715.097385
0.000000 0.000000 375172.624977
0.000000 0.000000 375877.980013
0.000000 0.000000 377307.753737
0.000000 0.000000 378680.336511
0.000000 0.000000 380148.237533
0.000000 0.000000 381711.456804
0.000000 0.000000 382035.538848
0.000000 0.000000 382950.594031
0.000000 0.000000 384571.004251
0.000000 0.000000 385314.486587
0.000000 0.000000 385505.123083
0.000000 0.000000 387182.724252
0.000000 0.000000 387468.678996
0.000000 0.000000 392482.418852
0.000000 0.000000 393588.110532
0.000000 0.000000 394140.956371
0.000000 0.000000 400927.615644
0.000000 0.000000 401442.334185
0.000000 0.000000 403310.571850
0.000000 0.000000 404454.390828
0.000000 0.000000 404950.045719
0.000000 0.000000 408629.330100
0.000000 0.000000 410440.376816
0.000000 0.000000 412327.678131
0.000000 0.000000 412766.142073
0.000000 0.000000 417036.399593
0.000000 0.000000 417265.163389
0.000000 0.000000 419285.910251
0.000000 0.000000 419476.546747
0.000000 0.000000 421039.766018
0.000000 0.000000 422355.157843
0.000000 0.000000 424299.650107
0.000000 0.000000 424318.713756
0.000000 0.000000 427712.043393
0.000000 0.000000 428436.462079
0.000000 0.000000 430933.800183
0.000000 0.000000 431658.218869
0.000000 0.000000 431925.109964
0.000000 0.000000 433278.629089
0.000000 0.000000 435318.439601
0.000000 0.000000 436138.176535
0.000000 0.000000 439112.105880
0.000000 0.000000 439302.742376
0.000000 0.000000 439722.142668
0.000000 0.000000 440637.197851
0.000000 0.000000 443878.018290
0.000000 0.000000 447538.239022
0.000000 0.000000 447690.748219
0.000000 0.000000 447862.321066
0.000000 0.000000 451026.886906
0.000000 0.000000 452056.323987
0.000000 0.000000 452532.915228
0.000000 0.000000 454477.407492
0.000000 0.000000 456174.072310
0.000000 0.000000 456707.854500
0.000000 0.000000 458271.073771
0.000000 0.000000 460501.520779
0.000000 0.000000 461721.594356
0.000000 0.000000 464657.396401
0.000000 0.000000 466049.042825
0.000000 0.000000 472035.028813
0.000000 0.000000 475161.467355
0.000000 0.000000 477067.832319
0.000000 0.000000 480194.270860
0.000000 0.000000 480327.716408
0.000000 0.000000 480365.843707
0.000000 0.000000 480766.180350
0.000000 0.000000 481852.808379
0.000000 0.000000 483892.618891
0.000000 0.000000 488467.894806
0.000000 0.000000 491384.633201
0.000000 0.000000 493214.743567
0.000000 0.000000 498152.228824
0.000000 0.000000 502422.486344
0.000000 0.000000 507798.435544
0.000000 0.000000 508618.172478
0.000000 0.000000 515061.686058
0.000000 0.000000 521257.372192
0.000000 0.000000 528463.431757
0.000000 0.000000 531246.724605
0.000000 0.000000 533648.744460
0.000000 0.000000 537442.410739
0.000000 0.000000 551549.511475
0.000000 0.000000 570708.479366
0.000000 0.000000 576675.401704
0.000000 0.000000 590248.720250
0.000000 0.000000 592936.694850
0.000000 0.000000 598579.535144
0.000000 0.000000 611733.453398
0.000000 0.000000 620369.286686
0.000000 0.000000 637107.171073
0.000000 0.000000 637335.934869
0.000000 0.000000 637736.271511
0.000000 0.000000 646410.232099
0.000000 0.000000 651767.117649
0.000000 0.000000 652377.154437
0.000000 0.000000 666331.745976
0.000000 0.000000 675177.279410
0.000000 0.000000 680496.037661
0.000000 0.000000 686501.087298
0.000000 0.000000 689760.971387
0.000000 0.000000 695098.793287
0.000000 0.000000 698358.677376
0.000000 0.000000 703982.454021
0.000000 0.000000 719538.392130
0.000000 0.000000 745159.937250
0.000000 0.000000 762336.285579
0.000000 0.000000 775642.713029
0.000000 0.000000 788720.376685
0.000000 0.000000 791160.523839
0.000000 0.000000 796383.963841
0.000000 0.000000 805382.006473
0.000000 0.000000 817048.960054
0.000000 0.000000 819603.489107
0.000000 0.000000 837752.083567
0.000000 0.000000 855176.259341
0.000000 0.000000 1145630.025303
0.000000 0.000000 1349210.739842
