0.000000 0.000000 0.000000
0.000000 0.000000 19.063650
0.000000 0.000000 38.127299
0.000000 0.000000 57.190949
0.000000 0.000000 76.254599
0.000000 0.000000 95.318248
0.000000 0.000000 133.445548
0.000000 0.000000 209.700146
0.000000 0.000000 285.954745
0.000000 0.000000 305.018394
0.000000 0.000000 381.272993
0.000000 0.000000 457.527591
0.000000 0.000000 705.355037
0.000000 0.000000 781.609635
0.000000 0.000000 838.800584
0.000000 0.000000 895.991533
0.000000 0.000000 972.246132
0.000000 0.000000 1334.455475
0.000000 0.000000 1410.710074
0.000000 0.000000 1448.837373
0.000000 0.000000 1811.046716
0.000000 0.000000 1887.301315
0.000000 0.000000 1906.364964
0.000000 0.000000 2173.256059
0.000000 0.000000 2707.038249
0.000000 0.000000 2745.165549
0.000000 0.000000 3107.374892
0.000000 0.000000 3145.502191
0.000000 0.000000 3259.884089
0.000000 0.000000 3622.093432
0.000000 0.000000 3641.157082
0.000000 0.000000 4136.811973
0.000000 0.000000 4289.321170
0.000000 0.000000 4384.639418
0.000000 0.000000 4499.021316
0.000000 0.000000 4727.785111
0.000000 0.000000 4746.848761
0.000000 0.000000 5147.185404
0.000000 0.000000 5375.949199
0.000000 0.000000 5395.012849
0.000000 0.000000 5623.776645
0.000000 0.000000 5661.903944
0.000000 0.000000 6043.176937
0.000000 0.000000 6348.195331
0.000000 0.000000 6367.258981
0.000000 0.000000 6424.449930
0.000000 0.000000 6500.704528
0.000000 0.000000 6576.959127
0.000000 0.000000 6615.086426
0.000000 0.000000 6748.531974
0.000000 0.000000 6786.659273
0.000000 0.000000 6805.722923
0.000000 0.000000 7129.804967
0.000000 0.000000 7148.868616
0.000000 0.000000 7644.523507
0.000000 0.000000 7797.032704
0.000000 0.000000 7854.223653
0.000000 0.000000 8025.796500
0.000000 0.000000 8044.860149
0.000000 0.000000 8082.987449
0.000000 0.000000 8388.005843
0.000000 0.000000 8864.597084
0.000000 0.000000 9913.097814
0.000000 0.000000 10370.625406
0.000000 0.000000 11571.635333
0.000000 0.000000 11933.844677
0.000000 0.000000 13039.536356
0.000000 0.000000 13783.018692
0.000000 0.000000 13916.464239
0.000000 0.000000 14126.164386
0.000000 0.000000 14755.264824
0.000000 0.000000 14888.710371
0.000000 0.000000 14964.964970
0.000000 0.000000 16604.438839
0.000000 0.000000 16776.011686
0.000000 0.000000 17081.030080
0.000000 0.000000 17119.157380
0.000000 0.000000 17309.793876
0.000000 0.000000 17919.830665
0.000000 0.000000 18015.148913
0.000000 0.000000 18796.758548
0.000000 0.000000 19082.713293
0.000000 0.000000 19444.922636
0.000000 0.000000 19997.768476
0.000000 0.000000 20340.914169
0.000000 0.000000 20398.105118
0.000000 0.000000 20512.487016
0.000000 0.000000 20626.868914
0.000000 0.000000 20836.569060
0.000000 0.000000 20855.632710
0.000000 0.000000 21008.141907
0.000000 0.000000 22056.642637
0.000000 0.000000 23143.270667
0.000000 0.000000 23581.734609
0.000000 0.000000 23848.625704
0.000000 0.000000 25202.144828
0.000000 0.000000 25392.781325
0.000000 0.000000 25831.245266
0.000000 0.000000 26117.200011
0.000000 0.000000 26193.454610
0.000000 0.000000 26231.581909
0.000000 0.000000 26250.645559
0.000000 0.000000 26517.536654
0.000000 0.000000 26574.727603
0.000000 0.000000 27051.318844
0.000000 0.000000 27127.573442
0.000000 0.000000 27203.828041
0.000000 0.000000 27394.464537
0.000000 0.000000 27508.846435
0.000000 0.000000 28347.647019
0.000000 0.000000 28538.283516
0.000000 0.000000 28633.601764
0.000000 0.000000 28805.174611
0.000000 0.000000 28824.238260
0.000000 0.000000 29205.511253
0.000000 0.000000 29224.574903
0.000000 0.000000 29567.720596
0.000000 0.000000 29968.057239
0.000000 0.000000 30063.375487
0.000000 0.000000 30368.393881
0.000000 0.000000 30463.712130
0.000000 0.000000 30654.348626
0.000000 0.000000 30864.048772
0.000000 0.000000 31016.557969
0.000000 0.000000 31588.467459
0.000000 0.000000 32217.567897
0.000000 0.000000 32770.413737
0.000000 0.000000 32789.477386
0.000000 0.000000 32808.541036
0.000000 0.000000 33437.641474
0.000000 0.000000 34028.614613
0.000000 0.000000 35191.497241
0.000000 0.000000 35420.261037
0.000000 0.000000 35477.451986
0.000000 0.000000 35515.579285
0.000000 0.000000 35877.788628
-0.099997 0.000000 36011.234176
0.000000 0.000000 36049.361475
0.000000 0.000000 36163.743373
0.000000 0.000000 36278.125271
0.000000 0.000000 36659.398264
0.000000 0.000000 37059.734906
0.000000 0.000000 37078.798556
0.000000 0.000000 37326.626001
0.000000 0.000000 37631.644396
0.000000 0.000000 37841.344542
0.000000 0.000000 37879.471841
0.000000 0.000000 37955.726439
0.000000 0.000000 37974.790089
0.000000 0.000000 38089.171987
0.000000 0.000000 38279.808483
0.000000 0.000000 38298.872133
0.000000 0.000000 38336.999432
0.000000 0.000000 38680.145126
0.000000 0.000000 38794.527024
0.000000 0.000000 38966.099871
0.000000 0.000000 38985.163520
0.000000 0.000000 39118.609068
0.000002 0.000000 39442.691112
0.000000 0.000000 39480.818411
0.000000 0.000000 39557.073009
0.000000 0.000000 39633.327608
0.000000 0.000000 39747.709506
0.000000 0.000000 39823.964104
0.000000 0.000000 40205.237097
0.000000 0.000000 40681.828338
0.000000 0.000000 41139.355930
0.000000 0.000000 41177.483229
0.000000 0.000000 41196.546879
0.000000 0.000000 41406.247025
0.000000 0.000000 41463.437974
0.000000 0.000000 41615.947171
0.000000 0.000000 41730.329069
0.000000 0.000000 41844.710967
0.000000 0.000000 42225.983960
0.000000 0.000000 42473.811405
0.000000 0.000000 43026.657245
0.000015 0.000000 43160.102792
0.000000 0.000000 43979.839727
0.000000 0.000000 44056.094325
0.000000 0.000000 44151.412573
0.000000 0.000000 44189.539873
0.000000 0.000000 44265.794471
0.000000 0.000000 44494.558267
0.000000 0.000000 44570.812866
0.000000 0.000000 44628.003815
0.000000 0.000000 44685.194763
0.000000 0.000000 44723.322063
0.000000 0.000000 44894.894910
0.000000 0.000000 45161.786005
0.000000 0.000000 45466.804399
0.000000 0.000000 45790.886443
0.000000 0.000000 45848.077392
0.000000 0.000000 45867.141041
0.000000 0.000000 45886.204691
0.000000 0.000000 46057.777538
0.000000 0.000000 46172.159436
0.000000 0.000000 46229.350385
0.000000 0.000000 46267.477684
0.000000 0.000000 46419.986881
0.000000 0.000000 46648.750677
0.000000 0.000000 46801.259874
0.000000 0.000000 46839.387173
0.000003 0.000000 47182.532867
0.000000 0.000000 47392.233013
-0.099992 0.000000 47563.805860
0.000000 0.000000 47754.442356
0.000000 0.000000 47983.206152
0.000000 0.000000 48021.333451
0.000000 0.000000 48173.842648
0.000000 0.000000 48345.415495
0.000000 0.000000 48574.179291
0.000000 0.000000 48879.197685
0.000000 0.000000 48936.388634
0.000000 0.000000 49165.152430
0.000000 0.000000 49622.680021
0.000000 0.000000 49813.316517
0.000000 0.000000 50194.589510
0.000002 0.000000 50289.907759
0.000000 0.000000 50328.035058
0.000000 0.000000 50442.416956
0.000000 0.000000 50480.544255
0.000000 0.000000 50537.735204
0.000000 0.000000 50556.798854
0.000000 0.000000 50613.989802
0.000010 0.000000 50690.244401
0.000000 0.000000 50957.135496
0.000000 0.000000 51166.835642
0.000000 0.000000 51224.026591
0.000007 0.000000 51243.090241
0.000000 0.000000 51357.472139
0.000000 0.000000 51605.299584
0.000000 0.000000 51700.617832
0.000000 0.000000 51853.127029
0.000000 0.000000 51948.445277
0.000000 0.000000 52139.081774
0.000000 0.000000 52310.654621
0.000000 0.000000 52386.909219
0.000000 0.000000 52405.972869
0.000000 0.000000 52425.036519
-0.099997 0.000000 52539.418416
0.000000 0.000000 52749.118563
0.000012 0.000000 52787.245862
0.000000 0.000000 52825.373161
0.000011 0.000000 52920.691409
0.000007 0.000000 52958.818709
0.000000 0.000000 53016.009658
-0.099993 0.000000 53206.646154
0.000000 0.000000 53549.791848
0.000000 0.000000 53568.855497
0.000000 0.000000 53721.364694
0.000000 0.000000 54026.383089
-0.099998 0.000000 54045.446738
0.000000 0.000000 54140.764986
0.000000 0.000000 54217.019585
0.000000 0.000000 54274.210534
-0.099988 0.000000 54388.592432
-0.099995 0.000000 54483.910680
0.000000 0.000000 54903.310972
0.000000 0.000000 55074.883819
0.000009 0.000000 55113.011118
-0.099988 0.000000 55246.456666
0.000000 0.000000 55341.774914
0.000000 0.000000 55360.838564
0.000000 0.000000 55379.902213
0.000000 0.000000 55437.093162
0.000020 0.000000 55456.156812
0.000007 0.000000 55475.220461
-0.099982 0.000000 55570.538710
0.000000 0.000000 55665.856958
0.000000 0.000000 55684.920608
0.000000 0.000000 55723.047907
0.000000 0.000000 55761.175206
0.000000 0.000000 56066.193600
0.000000 0.000000 56104.320900
0.000000 0.000000 56447.466593
0.000000 0.000000 56485.593893
0.000000 0.000000 56561.848491
0.000000 0.000000 56580.912141
0.000000 0.000000 56809.675936
0.000011 0.000000 56847.803236
0.000000 0.000000 56904.994185
-0.099999 0.000000 56924.057834
0.000000 0.000000 56943.121484
0.000008 0.000000 57019.376083
0.000000 0.000000 57076.567031
0.000000 0.000000 57152.821630
-0.099988 0.000000 57229.076229
-0.099989 0.000000 57324.394477
0.000000 0.000000 57400.649075
0.000024 0.000000 57572.221922
0.000000 0.000000 57629.412871
0.000000 0.000000 57724.731119
-0.099990 0.000000 57972.558565
0.000001 0.000000 58010.685864
0.000000 0.000000 58086.940463
-0.099992 0.000000 58182.258711
0.000000 0.000000 58220.386010
0.000008 0.000000 58258.513309
-0.099989 0.000000 58277.576959
-0.099987 0.000000 58353.831558
0.000000 0.000000 58449.149806
0.000000 0.000000 58468.213455
-0.099993 0.000000 58525.404404
-0.099991 0.000000 58544.468054
-0.099990 0.000000 58620.722653
0.000000 0.000000 58639.786302
0.000009 0.000000 58658.849952
0.000000 0.000000 58696.977251
0.000009 0.000000 58716.040901
0.000011 0.000000 58944.804697
0.000013 0.000000 59097.313894
0.000016 0.000000 59211.695792
-0.099989 0.000000 59230.759441
0.000012 0.000000 59326.077689
0.000000 0.000000 59383.268638
-0.099992 0.000000 59440.459587
0.000000 0.000000 59497.650536
0.000000 0.000000 59535.777835
-0.099999 0.000000 59612.032434
-0.099997 0.000000 59745.477982
0.000000 0.000000 59840.796230
0.000000 0.000000 59859.859879
0.000000 0.000000 59878.923529
0.000010 0.000000 59917.050828
0.000000 0.000000 59955.178128
0.000009 0.000000 60012.369077
0.000010 0.000000 60050.496376
0.000000 0.000000 60183.941923
0.000000 0.000000 60203.005573
-0.099998 0.000000 60222.069223
0.000007 0.000000 60279.260172
0.000013 0.000000 60336.451120
0.000017 0.000000 60469.896668
-0.099993 0.000000 60565.214916
0.000003 0.000000 60584.278566
-0.099991 0.000000 60641.469515
-0.099991 0.000000 60698.660464
-0.099990 0.000000 60736.787763
0.000009 0.000000 60832.106011
0.000005 0.000000 60889.296960
0.000000 0.000000 60908.360610
0.000000 0.000000 61003.678858
0.000002 0.000000 61022.742508
0.000012 0.000000 61041.806157
0.000008 0.000000 61098.997106
-0.099990 0.000000 61251.506303
0.000000 0.000000 61365.888201
0.000000 0.000000 61384.951851
0.000007 0.000000 61461.206449
0.000008 0.000000 61613.715647
0.000000 0.000000 61651.842946
-0.099987 0.000000 61728.097544
-0.099991 0.000000 61823.415793
0.000000 0.000000 61880.606742
0.000000 0.000000 61899.670391
0.000010 0.000000 61956.861340
-0.099989 0.000000 61975.924990
0.000018 0.000000 61994.988639
-0.099989 0.000000 62014.052289
-0.099987 0.000000 62052.179588
0.000013 0.000000 62090.306888
0.000000 0.000000 62166.561486
-0.099987 0.000000 62261.879734
0.000010 0.000000 62300.007034
-0.099999 0.000000 62433.452581
0.000011 0.000000 62471.579880
-0.099990 0.000000 62509.707180
-0.099996 0.000000 62624.089078
0.000016 0.000000 62662.216377
0.000005 0.000000 62681.280027
0.000000 0.000000 62719.407326
-0.099993 0.000000 62738.470975
-0.099991 0.000000 62852.852873
0.000009 0.000000 62871.916523
-0.099996 0.000000 63024.425720
-0.099992 0.000000 63043.489370
-0.099985 0.000000 63062.553019
0.000010 0.000000 63081.616669
0.000012 0.000000 63119.743968
0.000005 0.000000 63138.807618
0.000000 0.000000 63157.871268
-0.099989 0.000000 63195.998567
-0.099985 0.000000 63234.125866
0.000006 0.000000 63253.189516
0.000010 0.000000 63310.380465
0.000000 0.000000 63367.571414
0.000009 0.000000 63424.762363
-0.099992 0.000000 63443.826012
0.000000 0.000000 63501.016961
-0.099988 0.000000 63577.271560
0.000013 0.000000 63710.717107
0.000000 0.000000 63767.908056
-0.099991 0.000000 63825.099005
0.000007 0.000000 63863.226304
-0.099990 0.000000 63901.353604
0.000012 0.000000 63958.544553
-0.099992 0.000000 64053.862801
0.000011 0.000000 64130.117399
0.000000 0.000000 64168.244699
-0.099986 0.000000 64263.562947
0.000010 0.000000 64282.626597
0.000000 0.000000 64301.690246
0.000000 0.000000 64358.881195
-0.099991 0.000000 64377.944845
0.000000 0.000000 64416.072144
0.000010 0.000000 64568.581341
0.000002 0.000000 64682.963239
0.000007 0.000000 64702.026889
0.000010 0.000000 64721.090538
0.000000 0.000000 64740.154188
0.000012 0.000000 64759.217838
0.000012 0.000000 64835.472436
0.000007 0.000000 64854.536086
-0.099993 0.000000 64892.663385
0.000011 0.000000 64930.790684
-0.099997 0.000000 64949.854334
-0.099997 0.000000 64968.917984
-0.099987 0.000000 65064.236232
0.000011 0.000000 65102.363531
0.000009 0.000000 65121.427181
0.000000 0.000000 65140.490831
0.000011 0.000000 65159.554480
0.000008 0.000000 65178.618130
0.000007 0.000000 65197.681779
-0.099991 0.000000 65216.745429
0.000011 0.000000 65235.809079
0.000011 0.000000 65293.000028
0.000013 0.000000 65331.127327
-0.099992 0.000000 65350.190977
-0.099989 0.000000 65445.509225
0.000015 0.000000 65502.700174
-0.099989 0.000000 65655.209371
0.000013 0.000000 65674.273021
0.000010 0.000000 65693.336670
0.000011 0.000000 65731.463969
0.000009 0.000000 65769.591269
0.000010 0.000000 65826.782218
0.000009 0.000000 65883.973167
-0.099990 0.000000 65903.036816
0.000009 0.000000 65941.164116
-0.099991 0.000000 65960.227765
-0.099991 0.000000 66017.418714
0.000000 0.000000 66036.482364
-0.099988 0.000000 66055.546013
-0.099991 0.000000 66074.609663
0.000010 0.000000 66093.673313
-0.099989 0.000000 66112.736962
0.000000 0.000000 66150.864262
-0.099987 0.000000 66246.182510
0.000003 0.000000 66265.246159
0.000009 0.000000 66284.309809
0.000013 0.000000 66398.691707
-0.099988 0.000000 66455.882656
0.000005 0.000000 66532.137254
0.000009 0.000000 66570.264554
-0.099995 0.000000 66589.328203
-0.099988 0.000000 66665.582802
0.000010 0.000000 66779.964700
0.000000 0.000000 66818.091999
-0.099990 0.000000 66856.219298
0.000013 0.000000 66875.282948
0.000000 0.000000 66894.346598
-0.099989 0.000000 66913.410247
-0.099989 0.000000 67008.728496
0.000000 0.000000 67027.792145
0.000000 0.000000 67104.046744
0.000007 0.000000 67161.237693
0.000003 0.000000 67180.301342
-0.099991 0.000000 67199.364992
0.000009 0.000000 67275.619591
0.000014 0.000000 67351.874189
0.000008 0.000000 67390.001488
0.000009 0.000000 67428.128788
0.000000 0.000000 67485.319737
0.000008 0.000000 67523.447036
0.000010 0.000000 67675.956233
0.000021 0.000000 67695.019883
-0.099989 0.000000 67714.083532
-0.099989 0.000000 67733.147182
0.000015 0.000000 67752.210832
0.000010 0.000000 67790.338131
0.000012 0.000000 67809.401781
0.000009 0.000000 67847.529080
0.000011 0.000000 67885.656379
0.000014 0.000000 67904.720029
0.000009 0.000000 67942.847328
-0.099987 0.000000 67980.974627
0.000008 0.000000 68057.229226
0.000009 0.000000 68095.356525
0.000000 0.000000 68114.420175
0.000011 0.000000 68171.611124
0.000009 0.000000 68266.929372
0.000012 0.000000 68285.993022
-0.099990 0.000000 68324.120321
0.000000 0.000000 68343.183971
0.000008 0.000000 68362.247620
-0.099991 0.000000 68457.565868
0.000011 0.000000 68476.629518
-0.099987 0.000000 68514.756817
0.000012 0.000000 68591.011416
-0.099988 0.000000 68610.075066
0.000010 0.000000 68629.138715
-0.099991 0.000000 68667.266015
-0.099987 0.000000 68686.329664
-0.099987 0.000000 68705.393314
0.000009 0.000000 68781.647912
-0.099989 0.000000 68819.775212
0.000006 0.000000 68838.838861
0.000000 0.000000 68896.029810
0.000026 0.000000 68934.157110
0.000020 0.000000 68953.220759
0.000017 0.000000 68972.284409
-0.099987 0.000000 68991.348058
0.000011 0.000000 69010.411708
-0.099995 0.000000 69048.539007
0.000010 0.000000 69201.048205
0.000010 0.000000 69258.239153
0.000012 0.000000 69391.684701
0.000012 0.000000 69448.875650
0.000000 0.000000 69487.002949
0.000008 0.000000 69525.130248
0.000009 0.000000 69582.321197
-0.099987 0.000000 69620.448497
-0.099992 0.000000 69792.021343
0.000010 0.000000 69811.084993
0.000008 0.000000 69849.212292
0.000008 0.000000 69868.275942
0.000012 0.000000 69887.339592
0.000010 0.000000 69906.403241
-0.099991 0.000000 69925.466891
0.000010 0.000000 69944.530541
0.000011 0.000000 69963.594190
0.000013 0.000000 69982.657840
0.000011 0.000000 70001.721490
-0.099988 0.000000 70058.912438
0.000011 0.000000 70077.976088
-0.099991 0.000000 70097.039738
0.000000 0.000000 70116.103387
-0.099990 0.000000 70173.294336
-0.099992 0.000000 70192.357986
0.000011 0.000000 70287.676234
-0.099989 0.000000 70402.058132
-0.099989 0.000000 70497.376380
0.000009 0.000000 70535.503680
0.000012 0.000000 70554.567329
-0.099987 0.000000 70573.630979
-0.099990 0.000000 70688.012877
-0.099993 0.000000 70707.076526
0.000000 0.000000 70726.140176
0.000011 0.000000 70821.458424
-0.099991 0.000000 70840.522074
0.000013 0.000000 70878.649373
0.000009 0.000000 70897.713023
-0.099991 0.000000 70935.840322
0.000000 0.000000 70993.031271
-0.099989 0.000000 71012.094921
0.000008 0.000000 71050.222220
0.000010 0.000000 71069.285870
0.000012 0.000000 71088.349519
0.000009 0.000000 71126.476818
-0.099985 0.000000 71164.604118
0.000009 0.000000 71183.667767
0.000009 0.000000 71221.795067
-0.099989 0.000000 71298.049665
0.000010 0.000000 71317.113315
-0.099990 0.000000 71336.176965
0.000019 0.000000 71374.304264
0.000003 0.000000 71393.367913
0.000011 0.000000 71412.431563
0.000015 0.000000 71450.558862
0.000011 0.000000 71507.749811
-0.099987 0.000000 71526.813461
-0.099986 0.000000 71584.004410
0.000000 0.000000 71622.131709
0.000009 0.000000 71641.195359
0.000007 0.000000 71660.259008
-0.099991 0.000000 71698.386308
0.000010 0.000000 71717.449957
0.000010 0.000000 71755.577257
-0.099990 0.000000 71831.831855
0.000014 0.000000 71850.895505
0.000009 0.000000 71889.022804
0.000012 0.000000 71908.086454
0.000010 0.000000 71965.277403
0.000010 0.000000 72003.404702
0.000017 0.000000 72117.786600
-0.099993 0.000000 72155.913899
0.000012 0.000000 72174.977549
0.000010 0.000000 72194.041198
0.000009 0.000000 72270.295797
0.000011 0.000000 72327.486746
-0.099987 0.000000 72441.868644
0.000000 0.000000 72460.932293
0.000011 0.000000 72479.995943
0.000011 0.000000 72518.123242
0.000000 0.000000 72556.250542
0.000000 0.000000 72575.314191
0.000009 0.000000 72594.377841
0.000011 0.000000 72651.568790
-0.099991 0.000000 72670.632440
0.000007 0.000000 72708.759739
-0.099986 0.000000 72727.823388
0.000008 0.000000 72823.141637
0.000012 0.000000 72861.268936
-0.099991 0.000000 72918.459885
0.000013 0.000000 72937.523535
0.000000 0.000000 73013.778133
0.000015 0.000000 73070.969082
0.000012 0.000000 73090.032732
0.000011 0.000000 73109.096381
-0.099990 0.000000 73128.160031
-0.099986 0.000000 73166.287330
-0.099992 0.000000 73242.541929
-0.099988 0.000000 73261.605578
0.000000 0.000000 73299.732878
0.000000 0.000000 73318.796527
-0.099988 0.000000 73337.860177
-0.099989 0.000000 73375.987476
0.000010 0.000000 73395.051126
0.000000 0.000000 73433.178425
-0.099992 0.000000 73452.242075
-0.099991 0.000000 73547.560323
0.000019 0.000000 73566.623973
-0.099987 0.000000 73585.687622
0.000013 0.000000 73604.751272
0.000008 0.000000 73623.814922
0.000012 0.000000 73661.942221
0.000013 0.000000 73795.387769
0.000009 0.000000 73852.578717
0.000008 0.000000 73890.706017
0.000009 0.000000 73928.833316
-0.099991 0.000000 74043.215214
0.000009 0.000000 74100.406163
-0.099992 0.000000 74119.469812
0.000011 0.000000 74138.533462
0.000000 0.000000 74157.597112
-0.099996 0.000000 74176.660761
0.000012 0.000000 74195.724411
-0.099995 0.000000 74214.788061
-0.099987 0.000000 74252.915360
0.000011 0.000000 74291.042659
0.000014 0.000000 74329.169959
-0.099988 0.000000 74348.233608
-0.099988 0.000000 74367.297258
-0.099989 0.000000 74443.551856
0.000013 0.000000 74481.679156
0.000009 0.000000 74519.806455
0.000008 0.000000 74557.933754
-0.099988 0.000000 74576.997404
-0.099991 0.000000 74596.061054
0.000009 0.000000 74615.124703
0.000012 0.000000 74653.252002
-0.099997 0.000000 74672.315652
0.000009 0.000000 74691.379302
0.000010 0.000000 74729.506601
0.000012 0.000000 74786.697550
0.000009 0.000000 74824.824849
0.000013 0.000000 74882.015798
0.000015 0.000000 74901.079448
-0.099989 0.000000 74939.206747
0.000012 0.000000 74958.270397
0.000014 0.000000 74977.334046
-0.099990 0.000000 74996.397696
-0.099989 0.000000 75034.524995
0.000011 0.000000 75072.652295
-0.099990 0.000000 75091.715944
0.000011 0.000000 75110.779594
-0.099990 0.000000 75148.906893
0.000009 0.000000 75263.288791
-0.099991 0.000000 75358.607039
0.000010 0.000000 75396.734339
0.000010 0.000000 75415.797988
-0.099989 0.000000 75492.052587
-0.099992 0.000000 75511.116236
-0.099984 0.000000 75549.243536
-0.099989 0.000000 75568.307185
0.000010 0.000000 75587.370835
0.000010 0.000000 75625.498134
0.000011 0.000000 75682.689083
-0.099988 0.000000 75701.752733
-0.099992 0.000000 75720.816382
0.000011 0.000000 75739.880032
0.000011 0.000000 75778.007331
0.000010 0.000000 75797.070981
-0.099988 0.000000 75835.198280
-0.099991 0.000000 75911.452879
-0.099990 0.000000 76025.834777
-0.099996 0.000000 76044.898426
0.000009 0.000000 76063.962076
0.000005 0.000000 76102.089375
0.000011 0.000000 76140.216675
0.000013 0.000000 76159.280324
0.000014 0.000000 76197.407624
0.000012 0.000000 76235.534923
0.000012 0.000000 76292.725872
0.000010 0.000000 76349.916821
-0.099992 0.000000 76388.044120
-0.099989 0.000000 76445.235069
-0.099993 0.000000 76464.298719
-0.099988 0.000000 76502.426018
-0.099991 0.000000 76521.489667
0.000010 0.000000 76654.935215
0.000012 0.000000 76731.189814
-0.099986 0.000000 76750.253463
0.000000 0.000000 76788.380762
0.000008 0.000000 76807.444412
0.000000 0.000000 76845.571711
-0.099990 0.000000 76921.826310
0.000000 0.000000 76940.889960
0.000011 0.000000 76959.953609
0.000000 0.000000 76979.017259
0.000009 0.000000 77036.208208
0.000010 0.000000 77074.335507
0.000014 0.000000 77112.462806
0.000014 0.000000 77131.526456
-0.099989 0.000000 77188.717405
0.000011 0.000000 77226.844704
0.000011 0.000000 77245.908354
-0.099992 0.000000 77264.972004
0.000010 0.000000 77284.035653
-0.099984 0.000000 77303.099303
0.000011 0.000000 77322.162952
0.000008 0.000000 77360.290252
0.000015 0.000000 77398.417551
-0.099988 0.000000 77455.608500
0.000000 0.000000 77474.672150
-0.099989 0.000000 77512.799449
0.000018 0.000000 77531.863099
0.000009 0.000000 77550.926748
0.000010 0.000000 77589.054047
-0.099989 0.000000 77627.181347
0.000010 0.000000 77646.244996
0.000000 0.000000 77665.308646
0.000013 0.000000 77684.372296
-0.099985 0.000000 77703.435945
0.000011 0.000000 77741.563245
0.000010 0.000000 77760.626894
0.000000 0.000000 78008.454340
0.000009 0.000000 78046.581639
0.000000 0.000000 78084.708938
-0.099991 0.000000 78103.772588
-0.099996 0.000000 78141.899887
0.000000 0.000000 78294.409084
0.000012 0.000000 78332.536384
0.000012 0.000000 78389.727332
0.000009 0.000000 78446.918281
-0.099983 0.000000 78542.236530
-0.099991 0.000000 78561.300179
-0.099990 0.000000 78599.427479
0.000012 0.000000 78618.491128
0.000000 0.000000 78637.554778
0.000007 0.000000 78694.745727
-0.099989 0.000000 78732.873026
-0.099994 0.000000 78771.000325
0.000000 0.000000 78809.127625
-0.099989 0.000000 78847.254924
0.000010 0.000000 78885.382223
-0.099989 0.000000 78923.509523
0.000011 0.000000 78961.636822
-0.099987 0.000000 79018.827771
0.000008 0.000000 79133.209669
0.000011 0.000000 79228.527917
0.000004 0.000000 79285.718866
0.000000 0.000000 79438.228063
-0.099989 0.000000 79533.546311
-0.099990 0.000000 79571.673610
-0.099991 0.000000 79590.737260
-0.099991 0.000000 79609.800910
0.000010 0.000000 79705.119158
0.000011 0.000000 79743.246457
0.000013 0.000000 79819.501056
0.000010 0.000000 79857.628355
-0.099992 0.000000 79876.692005
-0.099987 0.000000 79972.010253
-0.099986 0.000000 79991.073903
0.000009 0.000000 80029.201202
0.000000 0.000000 80067.328501
0.000008 0.000000 80086.392151
-0.099987 0.000000 80105.455800
-0.099989 0.000000 80124.519450
0.000010 0.000000 80143.583100
0.000010 0.000000 80238.901348
0.000012 0.000000 80257.964998
0.000009 0.000000 80334.219596
0.000010 0.000000 80391.410545
0.000010 0.000000 80410.474195
0.000011 0.000000 80429.537844
0.000013 0.000000 80448.601494
-0.099991 0.000000 80486.728793
-0.099990 0.000000 80562.983392
-0.099990 0.000000 80582.047041
0.000012 0.000000 80620.174341
0.000015 0.000000 80639.237990
-0.099991 0.000000 80677.365290
-0.099993 0.000000 80734.556239
0.000013 0.000000 80753.619888
0.000010 0.000000 80791.747188
-0.099990 0.000000 80982.383684
0.000014 0.000000 81001.447334
-0.099990 0.000000 81020.510983
-0.099989 0.000000 81077.701932
0.000010 0.000000 81096.765582
0.000000 0.000000 81173.020180
0.000017 0.000000 81306.465728
-0.099992 0.000000 81439.911275
0.000006 0.000000 81458.974925
0.000000 0.000000 81554.293173
0.000010 0.000000 81592.420473
0.000011 0.000000 81649.611421
0.000000 0.000000 81763.993319
0.000004 0.000000 81897.438867
-0.099994 0.000000 82011.820765
-0.099986 0.000000 82107.139013
0.000010 0.000000 82183.393611
0.000008 0.000000 82259.648210
-0.099986 0.000000 82297.775509
-0.099987 0.000000 82335.902809
0.000010 0.000000 82374.030108
0.000011 0.000000 82393.093758
0.000011 0.000000 82412.157407
0.000012 0.000000 82507.475655
-0.099988 0.000000 82564.666604
0.000010 0.000000 82621.857553
0.000010 0.000000 82659.984853
-0.099992 0.000000 82679.048502
0.000011 0.000000 82736.239451
0.000000 0.000000 82793.430400
0.000007 0.000000 82831.557699
0.000010 0.000000 82926.875948
0.000010 0.000000 82945.939597
0.000011 0.000000 83041.257845
-0.099992 0.000000 83212.830692
-0.099991 0.000000 83231.894342
0.000011 0.000000 83308.148940
-0.099987 0.000000 83327.212590
0.000007 0.000000 83346.276240
-0.099989 0.000000 83460.658138
0.000012 0.000000 83479.721787
-0.099984 0.000000 83498.785437
0.000000 0.000000 83536.912736
0.000009 0.000000 83555.976386
0.000012 0.000000 83575.040035
0.000011 0.000000 83613.167335
-0.099991 0.000000 83651.294634
-0.099988 0.000000 83670.358284
-0.099988 0.000000 83708.485583
0.000015 0.000000 83918.185729
-0.099988 0.000000 83937.249379
0.000014 0.000000 83975.376678
-0.099994 0.000000 84051.631277
0.000000 0.000000 84108.822225
-0.099990 0.000000 84185.076824
0.000015 0.000000 84280.395072
0.000009 0.000000 84356.649671
0.000018 0.000000 84451.967919
0.000010 0.000000 84509.158868
0.000000 0.000000 84795.113613
-0.099985 0.000000 84814.177262
0.000014 0.000000 84833.240912
-0.099987 0.000000 84928.559160
0.000000 0.000000 84947.622810
0.000013 0.000000 84985.750109
0.000014 0.000000 85081.068357
0.000008 0.000000 85138.259306
-0.099991 0.000000 85271.704854
0.000000 0.000000 85290.768503
-0.099990 0.000000 85386.086752
-0.099993 0.000000 85519.532299
-0.099989 0.000000 85614.850547
0.000011 0.000000 85633.914197
0.000011 0.000000 85691.105146
-0.099990 0.000000 85767.359744
0.000000 0.000000 85996.123540
0.000009 0.000000 86053.314489
0.000000 0.000000 86129.569088
0.000000 0.000000 86205.823686
0.000011 0.000000 86263.014635
0.000011 0.000000 86301.141934
0.000000 0.000000 86320.205584
-0.099992 0.000000 86644.287628
-0.099990 0.000000 86873.051424
0.000010 0.000000 86949.306022
-0.099993 0.000000 87006.496971
0.000012 0.000000 87101.815219
-0.099987 0.000000 87139.942519
-0.099987 0.000000 87178.069818
0.000010 0.000000 87197.133468
0.000000 0.000000 87349.642665
0.000010 0.000000 87464.024563
-0.099990 0.000000 87578.406460
-0.099997 0.000000 87616.533760
0.000000 0.000000 87635.597409
0.000014 0.000000 87654.661059
-0.099985 0.000000 87749.979307
0.000005 0.000000 87845.297555
-0.099993 0.000000 88112.188650
-0.099991 0.000000 88169.379599
-0.099990 0.000000 88245.634198
-0.099988 0.000000 88321.888797
0.000010 0.000000 88340.952446
0.000013 0.000000 88417.207045
0.000007 0.000000 88626.907191
0.000014 0.000000 88722.225439
-0.099990 0.000000 88855.670987
0.000004 0.000000 89008.180184
-0.099988 0.000000 89027.243833
-0.099982 0.000000 89046.307483
-0.099985 0.000000 89103.498432
-0.099981 0.000000 89217.880330
-0.099991 0.000000 89256.007629
-0.099988 0.000000 89313.198578
0.000010 0.000000 89351.325877
-0.099984 0.000000 89484.771425
-0.099991 0.000000 89541.962374
0.000000 0.000000 89561.026023
0.000011 0.000000 89656.344272
0.000000 0.000000 90018.553615
-0.099987 0.000000 90037.617264
0.000000 0.000000 90094.808213
0.000010 0.000000 90171.062812
0.000010 0.000000 90266.381060
0.000000 0.000000 90285.444710
-0.099990 0.000000 90304.508359
-0.099990 0.000000 90590.463104
0.000010 0.000000 90704.845002
-0.099986 0.000000 90819.226900
-0.099987 0.000000 90971.736097
-0.099989 0.000000 91295.818141
-0.099990 0.000000 91638.963834
0.000008 0.000000 91791.473032
0.000009 0.000000 91810.536681
-0.099989 0.000000 91982.109528
0.000009 0.000000 92153.682375
0.000010 0.000000 92210.873324
-0.099990 0.000000 92268.064273
-0.099988 0.000000 92477.764419
0.000012 0.000000 92649.337266
0.000006 0.000000 92706.528214
0.000000 0.000000 92859.037412
-0.099991 0.000000 92878.101061
0.000010 0.000000 92935.292010
-0.099990 0.000000 92973.419309
-0.099991 0.000000 93068.737558
-0.099992 0.000000 93106.864857
0.000009 0.000000 93297.501353
-0.099975 0.000000 93354.692302
0.000012 0.000000 93430.946901
-0.099985 0.000000 93583.456098
0.000010 0.000000 93602.519748
0.000010 0.000000 93621.583397
0.000011 0.000000 93926.601792
0.000007 0.000000 94040.983689
0.000013 0.000000 94117.238288
0.000016 0.000000 94212.556536
0.000011 0.000000 94288.811135
0.000010 0.000000 94384.129383
0.000000 0.000000 94498.511281
0.000005 0.000000 94612.893179
0.000011 0.000000 94765.402376
-0.099987 0.000000 94803.529675
0.000010 0.000000 94917.911573
0.000000 0.000000 95070.420770
0.000012 0.000000 95203.866318
0.000000 0.000000 95394.502814
0.000000 0.000000 95508.884712
0.000000 0.000000 95547.012011
-0.099987 0.000000 95604.202960
0.000011 0.000000 95680.457559
0.000009 0.000000 95699.521208
0.000000 0.000000 95813.903106
-0.099986 0.000000 95852.030406
0.000000 0.000000 95890.157705
0.000012 0.000000 95928.285004
-0.099989 0.000000 95985.475953
0.000006 0.000000 96118.921501
0.000000 0.000000 96157.048800
0.000000 0.000000 96176.112450
-0.099992 0.000000 96271.430698
-0.099988 0.000000 96538.321793
0.000007 0.000000 97014.913034
0.000013 0.000000 97033.976683
-0.099982 0.000000 97205.549530
0.000000 0.000000 97262.740479
-0.099988 0.000000 97281.804129
-0.099992 0.000000 97510.567925
-0.099992 0.000000 97548.695224
-0.099988 0.000000 97605.886173
-0.099990 0.000000 97624.949822
0.000000 0.000000 97720.268071
-0.099992 0.000000 97853.713618
-0.099994 0.000000 98311.241210
-0.099990 0.000000 98463.750407
0.000000 0.000000 98616.259604
0.000007 0.000000 98730.641502
0.000005 0.000000 98768.768801
-0.099992 0.000000 98921.277998
-0.099992 0.000000 99016.596246
0.000012 0.000000 99073.787195
0.000000 0.000000 99474.123838
-0.099977 0.000000 99531.314787
0.000000 0.000000 99798.205882
0.000014 0.000000 99817.269531
0.000000 0.000000 99855.396831
0.000008 0.000000 99874.460480
0.000009 0.000000 100026.969677
0.000011 0.000000 100122.287926
0.000000 0.000000 100579.815517
0.000004 0.000000 100865.770262
0.000000 0.000000 101132.661357
-0.099987 0.000000 101170.788656
-0.099990 0.000000 101208.915955
0.000000 0.000000 101304.234204
0.000008 0.000000 101361.425152
0.000009 0.000000 101494.870700
-0.099988 0.000000 101685.507196
0.000009 0.000000 101799.889094
0.000013 0.000000 101818.952744
0.000007 0.000000 101952.398291
-0.099991 0.000000 102009.589240
-0.099990 0.000000 102047.716540
0.000010 0.000000 102352.734934
0.000015 0.000000 102562.435080
0.000003 0.000000 102676.816978
-0.099991 0.000000 103420.299314
0.000000 0.000000 103515.617562
-0.099991 0.000000 103534.681212
-0.099992 0.000000 103954.081504
0.000013 0.000000 104030.336102
-0.099990 0.000000 104182.845300
0.000009 0.000000 104220.972599
0.000013 0.000000 104240.036249
-0.099999 0.000000 104373.481796
0.000009 0.000000 104545.054643
0.000010 0.000000 104640.372891
-0.099987 0.000000 104678.500190
0.000009 0.000000 104716.627490
-0.099991 0.000000 104926.327636
-0.099991 0.000000 105002.582234
0.000000 0.000000 105231.346030
0.000008 0.000000 105498.237125
0.000010 0.000000 106051.082965
-0.099982 0.000000 106146.401213
0.000010 0.000000 106165.464863
-0.099989 0.000000 106241.719461
0.000010 0.000000 106298.910410
0.000000 0.000000 106489.546906
0.000012 0.000000 106775.501651
0.000007 0.000000 107442.729389
-0.099992 0.000000 107538.047637
0.000000 0.000000 107766.811433
0.000000 0.000000 107785.875082
0.000000 0.000000 108014.638878
-0.099988 0.000000 108033.702528
0.000011 0.000000 108243.402674
0.000009 0.000000 108319.657272
-0.099986 0.000000 108376.848221
0.000011 0.000000 108434.039170
0.000000 0.000000 108548.421068
0.000009 0.000000 108586.548367
0.000009 0.000000 108834.375813
0.000008 0.000000 108853.439462
0.000011 0.000000 108872.503112
0.000000 0.000000 109120.330557
0.000000 0.000000 109253.776105
0.000011 0.000000 109310.967054
0.000000 0.000000 109406.285302
0.000012 0.000000 109425.348951
-0.099988 0.000000 109463.476251
0.000013 0.000000 109558.794499
0.000012 0.000000 109635.049098
-0.099989 0.000000 109730.367346
-0.099993 0.000000 109997.258441
-0.099988 0.000000 110226.022237
-0.099993 0.000000 110397.595083
0.000009 0.000000 110454.786032
-0.099997 0.000000 110511.976981
-0.099995 0.000000 110702.613478
0.000012 0.000000 110797.931726
-0.099994 0.000000 110855.122675
0.000007 0.000000 110893.249974
-0.099990 0.000000 110969.504573
0.000000 0.000000 111217.332018
0.000000 0.000000 111236.395668
0.000011 0.000000 111541.414062
0.000000 0.000000 111674.859609
0.000010 0.000000 111770.177858
0.000000 0.000000 111827.368807
-0.099994 0.000000 111903.623405
-0.099991 0.000000 111941.750704
0.000011 0.000000 112075.196252
0.000000 0.000000 112323.023697
0.000009 0.000000 112589.914792
0.000008 0.000000 112666.169391
0.000005 0.000000 112913.996836
0.000004 0.000000 113123.696982
-0.099990 0.000000 113428.715377
0.000009 0.000000 113504.969975
-0.099988 0.000000 113771.861070
0.000005 0.000000 114172.197713
-0.099992 0.000000 114439.088808
-0.099991 0.000000 114553.470705
0.000000 0.000000 114572.534355
-0.099991 0.000000 114629.725304
0.000011 0.000000 114877.552749
-0.099992 0.000000 115182.571144
0.000010 0.000000 115220.698443
0.000011 0.000000 115506.653188
-0.099988 0.000000 115697.289684
0.000000 0.000000 115735.416983
0.000007 0.000000 115773.544283
0.000009 0.000000 116250.135524
0.000008 0.000000 116345.453772
0.000008 0.000000 116574.217568
-0.099990 0.000000 116612.344867
-0.099987 0.000000 116631.408517
0.000012 0.000000 116707.663115
-0.099988 0.000000 116974.554210
0.000000 0.000000 117508.336400
-0.099991 0.000000 117565.527349
-0.099990 0.000000 117737.100196
0.000000 0.000000 117813.354794
0.000010 0.000000 118003.991291
-0.099989 0.000000 118194.627787
0.000007 0.000000 118614.028079
-0.099988 0.000000 119071.555671
0.000000 0.000000 119281.255817
-0.099992 0.000000 119586.274211
0.000011 0.000000 119605.337861
0.000026 0.000000 119643.465160
0.000000 0.000000 119700.656109
-0.099991 0.000000 119986.610854
0.000006 0.000000 120062.865452
0.000000 0.000000 120139.120051
-0.099992 0.000000 120234.438299
0.000012 0.000000 120367.883847
0.000013 0.000000 120539.456693
0.000010 0.000000 121016.047935
-0.099988 0.000000 121054.175234
-0.099990 0.000000 121206.684431
0.000000 0.000000 121626.084723
-0.099989 0.000000 121702.339322
0.000013 0.000000 121721.402971
-0.099987 0.000000 121969.230417
0.000004 0.000000 122064.548665
0.000014 0.000000 122197.994212
-0.099985 0.000000 122293.312461
0.000008 0.000000 122312.376110
-0.099990 0.000000 122636.458154
0.000012 0.000000 122655.521804
0.000010 0.000000 122865.221950
-0.099986 0.000000 122903.349249
0.000007 0.000000 122941.476548
-0.099990 0.000000 122979.603848
0.000008 0.000000 123437.131439
0.000014 0.000000 123665.895235
-0.099991 0.000000 123723.086184
0.000000 0.000000 124428.441221
-0.099991 0.000000 124580.950418
-0.099985 0.000000 125133.796257
0.000002 0.000000 125438.814652
0.000009 0.000000 125496.005601
0.000000 0.000000 125877.278593
0.000000 0.000000 126525.442681
0.000012 0.000000 126601.697280
-0.099986 0.000000 126811.397426
-0.099986 0.000000 126849.524725
0.000000 0.000000 127040.161222
-0.099990 0.000000 127326.115966
-0.099990 0.000000 127402.370565
0.000011 0.000000 127554.879762
0.000008 0.000000 127650.198010
-0.099992 0.000000 128088.661952
0.000011 0.000000 128393.680346
-0.099991 0.000000 128488.998595
0.000000 0.000000 128641.507792
-0.099985 0.000000 129251.544580
-0.099986 0.000000 129327.799179
-0.099989 0.000000 129480.308376
0.000012 0.000000 129594.690274
0.000011 0.000000 129766.263121
-0.099997 0.000000 129804.390420
0.000011 0.000000 129823.454070
0.000008 0.000000 129918.772318
0.000007 0.000000 130109.408814
-0.099992 0.000000 130128.472464
0.000011 0.000000 130204.727062
-0.099989 0.000000 130414.427209
0.000018 0.000000 130528.809106
0.000009 0.000000 130662.254654
0.000000 0.000000 130852.891150
0.000000 0.000000 130891.018450
-0.099990 0.000000 131100.718596
0.000013 0.000000 131234.164143
0.000014 0.000000 131481.991589
-0.099991 0.000000 131844.200932
0.000000 0.000000 131939.519180
0.000006 0.000000 132282.664874
-0.099992 0.000000 132587.683268
0.000008 0.000000 132778.319764
-0.099990 0.000000 132797.383414
0.000010 0.000000 133140.529108
0.000011 0.000000 133178.656407
-0.099992 0.000000 133197.720056
0.000012 0.000000 133312.101954
0.000000 0.000000 133426.483852
-0.099980 0.000000 133731.502246
-0.099986 0.000000 133788.693195
-0.099989 0.000000 134208.093488
0.000017 0.000000 134303.411736
0.000000 0.000000 134665.621079
0.000011 0.000000 134703.748378
0.000012 0.000000 134951.575824
-0.099989 0.000000 135161.275970
0.000013 0.000000 135218.466919
0.000008 0.000000 135904.758306
0.000012 0.000000 136228.840350
-0.099989 0.000000 136915.131737
0.000000 0.000000 136991.386335
0.000011 0.000000 137506.104876
0.000011 0.000000 138421.160059
0.000010 0.000000 138573.669256
-0.099988 0.000000 138954.942249
-0.099987 0.000000 139183.706044
0.000000 0.000000 139564.979037
0.000007 0.000000 140117.824877
-0.099987 0.000000 140327.525023
0.000000 0.000000 140499.097870
-0.099990 0.000000 140670.670717
0.000000 0.000000 141128.198308
-0.099990 0.000000 141261.643855
0.000009 0.000000 141337.898454
0.000011 0.000000 142233.889987
-0.099988 0.000000 142424.526484
0.000012 0.000000 142519.844732
-0.099989 0.000000 143244.263418
-0.099989 0.000000 143415.836265
0.000000 0.000000 143530.218163
0.000011 0.000000 143949.618455
-0.099993 0.000000 144083.064003
-0.099989 0.000000 144159.318601
0.000000 0.000000 144369.018747
0.000011 0.000000 144540.591594
0.000010 0.000000 145303.137580
0.000010 0.000000 145341.264879
0.000014 0.000000 145455.646777
-0.099964 0.000000 146218.192763
-0.099989 0.000000 146485.083858
0.000010 0.000000 146847.293201
0.000013 0.000000 146942.611449
0.000007 0.000000 147362.011741
0.000009 0.000000 147495.457289
-0.099989 0.000000 148448.639771
0.000010 0.000000 148944.294662
0.000000 0.000000 149020.549260
0.000011 0.000000 149058.676560
-0.099989 0.000000 149878.413494
0.000000 0.000000 150011.859042
0.000000 0.000000 150355.004735
0.000011 0.000000 151460.696415
-0.099992 0.000000 151575.078312
-0.099985 0.000000 151632.269261
-0.099989 0.000000 152566.388094
-0.099999 0.000000 152776.088240
0.000000 0.000000 152852.342839
0.000018 0.000000 154282.116562
-0.099991 0.000000 154720.580504
0.000009 0.000000 155692.826635
0.000013 0.000000 156016.908679
0.000000 0.000000 156302.863424
-0.099981 0.000000 158399.864885
0.000000 0.000000 159886.829557
-0.099991 0.000000 159905.893206
0.000000 0.000000 160611.248243
0.000000 0.000000 162860.758901
0.000009 0.000000 163871.132332
0.000010 0.000000 164214.278026
0.000009 0.000000 165663.115399
0.000000 0.000000 166578.170582
0.000011 0.000000 166597.234231
-0.099991 0.000000 169552.099926
-0.099986 0.000000 171153.446496
0.000000 0.000000 171401.273941
0.000011 0.000000 171420.337591
0.000009 0.000000 172049.438029
-0.099990 0.000000 174432.394235
0.000010 0.000000 174737.412629
0.000000 0.000000 177005.986936
0.000009 0.000000 178092.614966
-0.099990 0.000000 178397.633360
0.000000 0.000000 178454.824309
-0.099989 0.000000 179064.861098
0.000009 0.000000 180418.380222
-0.099989 0.000000 184002.346355
0.000000 0.000000 184498.001246
0.000000 0.000000 186309.047962
0.000000 0.000000 190598.369132
-0.099989 0.000000 192047.206505
0.000009 0.000000 193438.852929
-0.099992 0.000000 201007.121837
0.000000 0.000000 213360.366806
0.000000 0.000000 215304.859069
-0.099983 0.000000 217211.224034
0.000000 0.000000 225484.847979
-0.099994 0.000000 225542.038928
0.000000 0.000000 225923.311921
0.000015 0.000000 229964.805645
0.000000 0.000000 230498.587835
0.000000 0.000000 230879.860828
-0.099990 0.000000 232004.616157
0.000000 0.000000 236084.237180
-0.099992 0.000000 238676.893532
0.000000 0.000000 239420.375868
0.000000 0.000000 244357.861125
0.000000 0.000000 244720.070469
0.000000 0.000000 252593.357771
0.000000 0.000000 254213.767991
0.000013 0.000000 270112.851793
0.000000 0.000000 271390.116319
0.000000 0.000000 273448.990481
0.000000 0.000000 279530.294717
0.000000 0.000000 286926.990779
0.000000 0.000000 288242.382604
0.000000 0.000000 294838.405380
0.000000 0.000000 297373.870783
0.000000 0.000000 300862.518668
0.000000 0.000000 302025.401296
0.000000 0.000000 304522.739399
0.000000 0.000000 305437.794582
0.000000 0.000000 311595.353417
0.000000 0.000000 314073.627870
0.000000 0.000000 315160.255900
0.000000 0.000000 320936.541742
0.000000 0.000000 326579.382036
0.000000 0.000000 327494.437219
0.000000 0.000000 331402.485396
0.000000 0.000000 331879.076637
0.000000 0.000000 332260.349630
0.000000 0.000000 332870.386418
0.000000 0.000000 333327.914010
0.000000 0.000000 336644.989048
0.000000 0.000000 338989.817954
0.000000 0.000000 354374.183216
0.000000 0.000000 356699.948472
0.000000 0.000000 362380.916066
0.000000 0.000000 362514.361614
0.000000 0.000000 375020.115779
0.000000 0.000000 376144.871108
0.000000 0.000000 379195.055051
0.000000 0.000000 381578.011257
0.000000 0.000000 383751.267316
0.000000 0.000000 390995.454180
0.000000 0.000000 391815.191115
0.000000 0.000000 399726.605717
0.000000 0.000000 409658.767181
0.000000 0.000000 411317.304700
0.000000 0.000000 414958.461782
0.000000 0.000000 415759.135067
0.000000 0.000000 418065.836674
0.000000 0.000000 419343.101200
0.000000 0.000000 436252.558433
0.000000 0.000000 436481.322229
0.000000 0.000000 440694.388800
0.000000 0.000000 441800.080479
0.000000 0.000000 442276.671720
0.000000 0.000000 454172.389098
0.000000 0.000000 456174.072310
0.000000 0.000000 461225.939466
0.000000 0.000000 463303.877277
0.000000 0.000000 463627.959321
0.000000 0.000000 466544.697716
0.000000 0.000000 471253.419178
0.000000 0.000000 475447.422099
0.000000 0.000000 478364.160495
0.000000 0.000000 484712.355826
0.000000 0.000000 488448.831156
0.000000 0.000000 494530.135392
0.000000 0.000000 494663.580940
0.000000 0.000000 496436.500356
0.000000 0.000000 496741.518751
0.000000 0.000000 497561.255685
0.000000 0.000000 499029.156708
0.000000 0.000000 499048.220358
0.000000 0.000000 501164.285468
0.000000 0.000000 503337.541527
0.000000 0.000000 503756.941819
0.000000 0.000000 509456.973063
0.000000 0.000000 509666.673209
0.000000 0.000000 510143.264450
0.000000 0.000000 510982.065034
0.000000 0.000000 511268.019779
0.000000 0.000000 514356.331021
0.000000 0.000000 515290.449853
0.000000 0.000000 520761.717301
0.000000 0.000000 521066.735695
0.000000 0.000000 522058.045477
0.000000 0.000000 522553.700367
0.000000 0.000000 523811.901244
0.000000 0.000000 523888.155842
0.000000 0.000000 523945.346791
0.000000 0.000000 525241.674967
0.000000 0.000000 528406.240808
0.000000 0.000000 529931.332779
0.000000 0.000000 531132.342707
0.000000 0.000000 532752.752927
0.000000 0.000000 533267.471467
0.000000 0.000000 533324.662416
0.000000 0.000000 534239.717599
0.000000 0.000000 534735.372489
0.000000 0.000000 535002.263584
0.000000 0.000000 535402.600227
0.000000 0.000000 535574.173074
0.000000 0.000000 536031.700665
0.000000 0.000000 537480.538038
0.000000 0.000000 537613.983586
0.000000 0.000000 538567.166068
0.000000 0.000000 539482.221251
0.000000 0.000000 540626.040229
0.000000 0.000000 541960.495704
0.000000 0.000000 544286.260961
0.000000 0.000000 544724.724902
0.000000 0.000000 545048.806946
0.000000 0.000000 546383.262421
0.000000 0.000000 546878.917312
0.000000 0.000000 548975.918773
0.000000 0.000000 549338.128116
0.000000 0.000000 550539.138044
0.000000 0.000000 553093.667096
0.000000 0.000000 553856.213081
0.000000 0.000000 556544.187681
0.000000 0.000000 557135.160820
0.000000 0.000000 558545.870894
0.000000 0.000000 560337.853960
0.000000 0.000000 560928.827099
0.000000 0.000000 561310.100092
0.000000 0.000000 561615.118486
0.000000 0.000000 563693.056297
0.000000 0.000000 568401.777759
0.000000 0.000000 570136.569877
0.000000 0.000000 571375.707103
0.000000 0.000000 571680.725498
0.000000 0.000000 573243.944769
0.000000 0.000000 573453.644915
0.000000 0.000000 576275.065062
0.000000 0.000000 578924.912362
0.000000 0.000000 584072.097766
0.000000 0.000000 585292.171343
0.000000 0.000000 586321.608424
0.000000 0.000000 586626.626818
0.000000 0.000000 587160.409008
0.000000 0.000000 588857.073826
0.000000 0.000000 590077.147403
0.000000 0.000000 590477.484046
0.000000 0.000000 592574.485507
0.000000 0.000000 595739.051347
0.000000 0.000000 596310.960837
0.000000 0.000000 596978.188574
0.000000 0.000000 600409.645510
0.000000 0.000000 603536.084051
0.000000 0.000000 604794.284928
0.000000 0.000000 606872.222739
0.000000 0.000000 609236.115295
0.000000 0.000000 610684.952668
0.000000 0.000000 613048.845223
0.000000 0.000000 617223.784495
0.000000 0.000000 617795.693984
0.000000 0.000000 624601.416907
0.000000 0.000000 628871.674427
0.000000 0.000000 634037.923480
0.000000 0.000000 635982.415744
0.000000 0.000000 636325.561438
0.000000 0.000000 636725.898080
0.000000 0.000000 637469.380416
0.000000 0.000000 644370.421587
0.000000 0.000000 646524.613997
0.000000 0.000000 646600.868595
0.000000 0.000000 646848.696041
0.000000 0.000000 650642.362320
0.000000 0.000000 650813.935166
0.000000 0.000000 654150.073854
0.000000 0.000000 656094.566118
0.000000 0.000000 658019.994731
0.000000 0.000000 658420.331374
0.000000 0.000000 660669.842032
0.000000 0.000000 662499.952398
0.000000 0.000000 671002.340138
0.000000 0.000000 676511.734885
0.000000 0.000000 679504.727879
0.000000 0.000000 681315.774595
0.000000 0.000000 682974.312114
0.000000 0.000000 689760.971387
0.000000 0.000000 692506.136936
0.000000 0.000000 693001.791827
0.000000 0.000000 694393.438251
0.000000 0.000000 705660.055190
0.000000 0.000000 706460.728475
0.000000 0.000000 716850.417530
0.000000 0.000000 727106.661038
0.000000 0.000000 737801.368488
0.000000 0.000000 749029.858128
0.000000 0.000000 750059.295208
0.000000 0.000000 753376.370246
0.000000 0.000000 779760.461352
0.000000 0.000000 780103.607046
0.000000 0.000000 783592.254931
0.000000 0.000000 799948.866324
0.000000 0.000000 801893.358588
0.000000 0.000000 803704.405304
0.000000 0.000000 816610.496113
0.000000 0.000000 818326.224580
0.000000 0.000000 838457.438604
0.000000 0.000000 873153.280954
0.000000 0.000000 876680.056138
0.000000 0.000000 877118.520080
0.000000 0.000000 881369.713950
0.000000 0.000000 883581.097309
0.000000 0.000000 896506.251767
0.000000 0.000000 911985.935277
0.000000 0.000000 922451.878931
0.000000 0.000000 941687.101421
0.000000 0.000000 948054.360402
0.000000 0.000000 952991.845659
0.000000 0.000000 953754.391645
0.000000 0.000000 954841.019675
0.000000 0.000000 966374.527709
0.000000 0.000000 966527.036906
0.000000 0.000000 1001890.106994
0.000000 0.000000 1007266.056193
0.000000 0.000000 1044268.600151
0.000000 0.000000 1063122.549648
0.000000 0.000000 1091470.196667
0.000000 0.000000 1285233.131640
