0.000000 0.000000 0.000000
0.000000 0.000000 19.063650
0.000000 0.000000 38.127299
0.000000 0.000000 57.190949
0.000000 0.000000 76.254599
0.000000 0.000000 95.318248
0.000000 0.000000 114.381898
0.000000 0.000000 133.445548
0.000000 0.000000 152.509197
0.000000 0.000000 171.572847
0.000000 0.000000 190.636496
0.000000 0.000000 209.700146
0.000000 0.000000 228.763796
0.000000 0.000000 266.891095
0.000000 0.000000 285.954745
0.000000 0.000000 305.018394
0.000000 0.000000 324.082044
0.000000 0.000000 343.145694
0.000000 0.000000 362.209343
0.000000 0.000000 381.272993
0.000000 0.000000 419.400292
0.000000 0.000000 438.463942
0.000000 0.000000 457.527591
0.000000 0.000000 495.654891
0.000000 0.000000 514.718540
0.000000 0.000000 533.782190
0.000000 0.000000 552.845840
0.000000 0.000000 571.909489
0.000000 0.000000 590.973139
0.000000 0.000000 610.036789
0.000000 0.000000 686.291387
0.000000 0.000000 705.355037
0.000000 0.000000 781.609635
0.000000 0.000000 800.673285
0.000000 0.000000 819.736935
0.000000 0.000000 838.800584
0.000000 0.000000 857.864234
0.000000 0.000000 876.927884
0.000000 0.000000 895.991533
0.000000 0.000000 991.309781
0.000000 0.000000 1010.373431
0.000000 0.000000 1067.564380
0.000000 0.000000 1258.200876
0.000000 0.000000 1277.264526
0.000000 0.000000 1296.328176
0.000000 0.000000 1315.391825
0.000000 0.000000 1391.646424
0.000000 0.000000 1467.901023
0.000000 0.000000 1620.410220
0.000000 0.000000 1696.664818
0.000000 0.000000 1811.046716
0.000000 0.000000 1830.110366
0.000000 0.000000 1906.364964
0.000000 0.000000 1944.492264
0.000000 0.000000 2020.746862
0.000000 0.000000 2077.937811
0.000000 0.000000 2116.065110
0.000000 0.000000 2173.256059
0.000000 0.000000 2325.765256
0.000000 0.000000 2726.101899
0.000000 0.000000 2783.292848
0.000000 0.000000 2954.865695
0.000000 0.000000 3088.311242
0.000000 0.000000 3526.775184
0.000000 0.000000 3717.411680
0.000000 0.000000 3736.475330
0.000000 0.000000 3965.239126
0.000000 0.000000 4003.366425
0.000000 0.000000 4022.430075
0.000000 0.000000 4041.493724
0.000000 0.000000 4060.557374
0.000000 0.000000 4136.811973
0.000000 0.000000 4251.193870
0.000000 0.000000 4308.384819
0.000000 0.000000 4327.448469
0.000000 0.000000 4365.575768
0.000000 0.000000 4499.021316
0.000000 0.000000 4784.976060
0.000000 0.000000 5185.312703
0.000000 0.000000 5204.376353
0.000000 0.000000 5280.630951
0.000000 0.000000 5433.140148
0.000000 0.000000 5547.522046
0.000000 0.000000 5700.031243
0.000000 0.000000 5757.222192
0.000000 0.000000 5776.285842
0.000000 0.000000 5814.413141
0.000000 0.000000 5947.858689
0.000000 0.000000 6081.304236
0.000000 0.000000 6443.513579
0.000000 0.000000 6481.640879
0.000000 0.000000 6596.022777
0.000000 0.000000 6615.086426
0.000000 0.000000 6634.150076
0.000000 0.000000 6691.341025
0.000000 0.000000 6805.722923
0.000000 0.000000 6862.913872
0.000000 0.000000 6901.041171
0.000000 0.000000 6939.168470
0.000000 0.000000 7053.550368
0.000000 0.000000 7358.568762
0.000000 0.000000 7396.696062
0.000000 0.000000 7625.459857
0.000000 0.000000 7835.160003
0.000000 0.000000 7854.223653
0.000000 0.000000 7949.541901
0.000000 0.000000 8102.051098
0.000000 0.000000 8292.687595
0.000000 0.000000 8521.451390
0.000000 0.000000 8597.705989
0.000000 0.000000 8731.151537
0.000000 0.000000 8769.278836
0.000000 0.000000 8902.724383
0.000000 0.000000 8921.788033
0.000000 0.000000 9131.488179
0.000000 0.000000 9188.679128
0.000000 0.000000 9207.742778
0.000000 0.000000 9360.251975
0.000000 0.000000 9379.315624
0.000000 0.000000 9417.442924
0.000000 0.000000 9550.888471
0.000000 0.000000 9874.970515
0.000000 0.000000 9894.034165
0.000000 0.000000 10141.861610
0.000000 0.000000 10675.643800
0.000000 0.000000 10809.089348
0.000000 0.000000 10828.152997
0.000000 0.000000 10866.280297
0.000000 0.000000 10980.662194
0.000000 0.000000 10999.725844
0.000000 0.000000 11190.362341
0.000000 0.000000 11247.553289
0.000000 0.000000 11419.126136
0.000000 0.000000 11552.571684
0.000000 0.000000 11762.271830
0.000000 0.000000 11838.526428
0.000000 0.000000 11971.971976
0.000000 0.000000 12010.099275
0.000000 0.000000 12143.544823
0.000000 0.000000 12162.608472
0.000000 0.000000 12219.799421
0.000000 0.000000 12296.054020
0.000000 0.000000 12334.181319
0.000000 0.000000 12505.754166
0.000000 0.000000 12620.136064
0.000000 0.000000 12944.218108
0.000000 0.000000 13516.127597
0.000000 0.000000 13706.764093
0.000000 0.000000 14088.037086
0.000000 0.000000 14107.100736
0.000000 0.000000 15060.283218
0.000000 0.000000 15422.492561
0.000000 0.000000 15708.447306
0.000000 0.000000 15975.338401
0.000000 0.000000 16051.593000
0.000000 0.000000 16108.783948
0.000000 0.000000 16204.102197
0.000000 0.000000 16299.420445
0.000000 0.000000 16623.502489
0.000000 0.000000 16985.711832
0.000000 0.000000 17004.775482
0.000000 0.000000 17900.767015
0.000000 0.000000 17977.021613
0.000000 0.000000 18015.148913
0.000000 0.000000 18510.803803
0.000000 0.000000 18930.204096
0.000000 0.000000 18968.331395
0.000000 0.000000 19540.240884
0.000000 0.000000 19730.877381
0.000000 0.000000 19749.941030
0.000000 0.000000 19826.195629
0.000000 0.000000 19902.450227
0.000000 0.000000 19940.577527
0.000000 0.000000 19978.704826
0.000000 0.000000 20112.150373
0.000000 0.000000 20169.341322
0.000000 0.000000 21046.269206
0.000000 0.000000 21179.714754
0.000000 0.000000 21198.778403
0.000000 0.000000 22361.661031
0.000000 0.000000 22456.979280
0.000000 0.000000 22685.743075
0.000000 0.000000 22800.124973
0.000000 0.000000 22933.570521
0.000000 0.000000 23047.952419
0.000000 0.000000 23562.670959
0.000000 0.000000 23848.625704
0.000000 0.000000 24210.835047
0.000000 0.000000 24534.917091
0.000000 0.000000 25049.635631
0.000000 0.000000 25183.081179
0.000000 0.000000 25240.272127
0.000000 0.000000 25259.335777
0.000000 0.000000 25335.590376
0.000000 0.000000 25373.717675
0.000000 0.000000 25449.972274
0.000000 0.000000 25469.035923
0.000000 0.000000 25716.863369
0.000000 0.000000 25831.245266
0.000000 0.000000 25888.436215
0.000000 0.000000 25907.499865
0.000000 0.000000 25964.690814
0.000000 0.000000 26345.963807
0.000000 0.000000 26593.791252
0.000000 0.000000 26784.427749
0.000000 0.000000 27318.209939
0.000000 0.000000 27985.437676
0.000000 0.000000 28309.519720
0.000000 0.000000 28442.965268
0.000033 0.000000 28481.092567
0.000000 0.000000 28595.474465
0.000000 0.000000 28614.538114
0.000007 0.000000 28671.729063
-0.099995 0.000000 29053.002056
0.000000 0.000000 29072.065706
0.000000 0.000000 29167.383954
0.000000 0.000000 29281.765852
0.000000 0.000000 29358.020450
0.000000 0.000000 29529.593297
0.000000 0.000000 29853.675341
0.000000 0.000000 30025.248188
0.000000 0.000000 30063.375487
0.000000 0.000000 30196.821035
0.000000 0.000000 30578.094028
0.000000 0.000000 30692.475925
0.000000 0.000000 30749.666874
0.000000 0.000000 30787.794174
0.000000 0.000000 30902.176071
0.000000 0.000000 31245.321765
0.000000 0.000000 31283.449064
0.000000 0.000000 31321.576364
0.000000 0.000000 31378.767313
0.000000 0.000000 31569.403809
0.000000 0.000000 31721.913006
0.000000 0.000000 32141.313298
0.000000 0.000000 32903.859284
0.000000 0.000000 33456.705124
0.000000 0.000000 33532.959722
0.000000 0.000000 33571.087022
0.000000 0.000000 33742.659868
0.000000 0.000000 33780.787168
0.000000 0.000000 34066.741912
0.000000 0.000000 34486.142204
0.000000 0.000000 34638.651402
0.000000 0.000000 35210.560891
0.000000 0.000000 35248.688190
0.000000 0.000000 35286.815489
0.000000 0.000000 35591.833884
0.000000 0.000000 35610.897533
0.000000 0.000000 35668.088482
0.000000 0.000000 35763.406730
0.000000 0.000000 35934.979577
0.000000 0.000000 36144.679723
0.000000 0.000000 36335.316220
0.000000 0.000000 36564.080015
0.000000 0.000000 36659.398264
0.000000 0.000000 36735.652862
0.000000 0.000000 36811.907461
0.000000 0.000000 36869.098410
0.000000 0.000000 36888.162059
0.000000 0.000000 37021.607607
0.000000 0.000000 37040.671257
0.000000 0.000000 37155.053154
0.000000 0.000000 37555.389797
0.000000 0.000000 37631.644396
0.000000 0.000000 37974.790089
0.000000 0.000000 38146.362936
0.000000 0.000000 38432.317681
0.000000 0.000000 38527.635929
0.000000 0.000000 38966.099871
0.000000 0.000000 39156.736367
0.000000 0.000000 39423.627462
0.000000 0.000000 39728.645856
0.000000 0.000000 39995.536951
0.000000 0.000000 40109.918849
0.000000 0.000000 40186.173448
0.000000 0.000000 40243.364397
0.000000 0.000000 40319.618995
0.000000 0.000000 40414.937243
0.000000 0.000000 40681.828338
0.000000 0.000000 40758.082937
0.000000 0.000000 41044.037682
0.000000 0.000000 41139.355930
0.000000 0.000000 41177.483229
0.000000 0.000000 41234.674178
0.000000 0.000000 41329.992426
0.000000 0.000000 41463.437974
0.000000 0.000000 41539.692572
0.000000 0.000000 41635.010821
0.000000 0.000000 41692.201769
0.000000 0.000000 42016.283813
0.000000 0.000000 42683.511551
0.000000 0.000000 42778.829799
0.000000 0.000000 43083.848193
0.000000 0.000000 43579.503084
0.000000 0.000000 43693.884982
0.000000 0.000000 43712.948632
-0.099974 0.000000 43732.012281
0.000000 0.000000 43770.139581
0.000000 0.000000 43941.712427
0.000000 0.000000 44132.348924
0.000000 0.000000 44723.322063
0.000000 0.000000 44742.385712
0.000000 0.000000 44856.767610
0.000000 0.000000 45047.404107
0.000000 0.000000 45142.722355
0.000000 0.000000 45257.104253
0.000000 0.000000 45523.995348
0.000007 0.000000 45695.568195
0.000000 0.000000 45790.886443
0.000000 0.000000 45848.077392
0.000000 0.000000 46019.650238
0.000000 0.000000 46057.777538
0.000000 0.000000 46095.904837
0.000000 0.000000 46553.432428
0.000000 0.000000 46610.623377
0.000000 0.000000 46667.814326
0.000000 0.000000 46801.259874
0.000000 0.000000 46896.578122
0.000000 0.000000 46915.641772
0.000006 0.000000 46991.896370
0.000000 0.000000 47068.150969
0.000000 0.000000 47373.169363
0.000000 0.000000 47449.423962
0.000000 0.000000 47487.551261
0.000000 0.000000 47506.614911
0.000000 0.000000 47659.124108
0.000000 0.000000 47678.187757
0.000000 0.000000 48002.269801
0.000000 0.000000 48021.333451
0.000000 0.000000 48135.715349
0.000000 0.000000 48154.778999
0.000000 0.000000 48269.160896
0.000000 0.000000 48421.670094
0.000000 0.000000 48478.861042
0.000000 0.000000 48536.051991
0.000000 0.000000 48555.115641
0.000000 0.000000 48688.561189
0.000000 0.000000 48726.688488
0.000011 0.000000 48764.815787
0.000000 0.000000 48783.879437
0.000000 0.000000 48822.006736
0.000000 0.000000 49127.025130
0.000000 0.000000 49146.088780
0.000000 0.000000 49317.661627
0.000000 0.000000 49336.725276
0.000000 0.000000 49355.788926
-0.099985 0.000000 49470.170824
0.000000 0.000000 49508.298123
0.000000 0.000000 49546.425422
0.000007 0.000000 49641.743671
0.000000 0.000000 49737.061919
0.000000 0.000000 49813.316517
0.000000 0.000000 49908.634766
0.000000 0.000000 49984.889364
0.000000 0.000000 50175.525861
0.000000 0.000000 50366.162357
0.000000 0.000000 50385.226007
0.000000 0.000000 50442.416956
0.000000 0.000000 50652.117102
0.000000 0.000000 50728.371700
0.000000 0.000000 50995.262795
0.000000 0.000000 51128.708343
0.000000 0.000000 51204.962941
0.000000 0.000000 51414.663087
-0.099977 0.000000 51433.726737
0.000000 0.000000 51509.981336
0.000000 0.000000 51567.172285
0.000000 0.000000 51853.127029
0.000000 0.000000 51929.381628
0.000000 0.000000 52139.081774
0.000000 0.000000 52272.527321
0.000000 0.000000 52329.718270
0.000000 0.000000 52386.909219
0.000007 0.000000 52463.163818
0.000011 0.000000 52577.545716
0.000000 0.000000 52615.673015
0.000000 0.000000 52653.800314
0.000000 0.000000 52730.054913
0.000006 0.000000 52958.818709
0.000000 0.000000 52977.882358
0.000000 0.000000 53035.073307
0.000000 0.000000 53073.200606
-0.099987 0.000000 53168.518855
0.000007 0.000000 53225.709804
0.000000 0.000000 53549.791848
0.000008 0.000000 53702.301045
0.000000 0.000000 53740.428344
0.000000 0.000000 53778.555643
0.000000 0.000000 53912.001191
0.000000 0.000000 53988.255789
0.000000 0.000000 54140.764986
0.000000 0.000000 54197.955935
0.000007 0.000000 54255.146884
0.000014 0.000000 54426.719731
0.000007 0.000000 54464.847030
0.000000 0.000000 54541.101629
0.000000 0.000000 54655.483527
0.000000 0.000000 54693.610826
0.000000 0.000000 54750.801775
0.000000 0.000000 54788.929074
0.000000 0.000000 54865.183673
-0.099989 0.000000 54922.374622
0.000000 0.000000 54960.501921
0.000000 0.000000 54979.565571
0.000000 0.000000 55055.820169
0.000000 0.000000 55284.583965
0.000010 0.000000 55341.774914
0.000008 0.000000 55360.838564
0.000000 0.000000 55437.093162
0.000000 0.000000 55494.284111
0.000010 0.000000 55513.347761
0.000000 0.000000 55627.729659
0.000000 0.000000 55742.111556
0.000000 0.000000 55761.175206
0.000000 0.000000 55799.302505
0.000000 0.000000 55951.811703
0.000000 0.000000 56028.066301
0.000000 0.000000 56142.448199
0.000000 0.000000 56218.702798
0.000000 0.000000 56275.893746
0.000000 0.000000 56294.957396
0.000000 0.000000 56333.084695
0.000000 0.000000 56390.275644
0.000010 0.000000 56542.784841
-0.099984 0.000000 56599.975790
-0.099991 0.000000 56619.039440
0.000030 0.000000 56657.166739
0.000000 0.000000 56676.230389
0.000000 0.000000 56752.484988
0.000000 0.000000 56828.739586
0.000009 0.000000 56866.866885
0.000000 0.000000 56885.930535
0.000000 0.000000 56904.994185
0.000015 0.000000 57038.439732
0.000012 0.000000 57210.012579
-0.099995 0.000000 57267.203528
0.000013 0.000000 57286.267178
0.000000 0.000000 57305.330827
-0.099993 0.000000 57476.903674
0.000000 0.000000 57591.285572
0.000000 0.000000 57648.476521
0.000000 0.000000 57724.731119
0.000012 0.000000 57743.794769
-0.099992 0.000000 57820.049368
-0.099987 0.000000 57839.113017
0.000000 0.000000 57858.176667
0.000000 0.000000 57915.367616
0.000000 0.000000 57953.494915
0.000000 0.000000 58048.813163
0.000008 0.000000 58067.876813
0.000007 0.000000 58106.004112
0.000006 0.000000 58125.067762
0.000013 0.000000 58144.131412
-0.099990 0.000000 58182.258711
0.000000 0.000000 58201.322360
-0.099997 0.000000 58220.386010
0.000000 0.000000 58258.513309
-0.099987 0.000000 58315.704258
0.000008 0.000000 58334.767908
0.000007 0.000000 58353.831558
0.000007 0.000000 58411.022507
-0.099988 0.000000 58487.277105
0.000000 0.000000 58544.468054
0.000000 0.000000 58601.659003
0.000010 0.000000 58735.104550
0.000000 0.000000 58849.486448
0.000009 0.000000 58868.550098
-0.099998 0.000000 58887.613748
0.000000 0.000000 58906.677397
0.000000 0.000000 58925.741047
-0.099988 0.000000 58944.804697
0.000009 0.000000 58982.931996
0.000007 0.000000 59001.995645
-0.099988 0.000000 59040.122945
-0.099988 0.000000 59173.568492
0.000000 0.000000 59326.077689
0.000009 0.000000 59459.523237
0.000006 0.000000 59650.159733
0.000000 0.000000 59707.350682
0.000014 0.000000 59726.414332
0.000000 0.000000 59955.178128
0.000000 0.000000 60012.369077
0.000000 0.000000 60069.560025
0.000019 0.000000 60107.687325
0.000000 0.000000 60126.750974
0.000007 0.000000 60145.814624
0.000010 0.000000 60164.878274
0.000004 0.000000 60183.941923
0.000000 0.000000 60203.005573
0.000000 0.000000 60260.196522
0.000000 0.000000 60298.323821
0.000000 0.000000 60317.387471
0.000000 0.000000 60355.514770
0.000000 0.000000 60393.642069
0.000000 0.000000 60412.705719
0.000012 0.000000 60508.023967
0.000000 0.000000 60736.787763
0.000009 0.000000 60774.915062
-0.099988 0.000000 60793.978712
0.000000 0.000000 60832.106011
-0.099989 0.000000 60889.296960
-0.099986 0.000000 60927.424259
0.000010 0.000000 60965.551559
-0.099991 0.000000 61098.997106
0.000000 0.000000 61118.060756
0.000000 0.000000 61137.124405
-0.099987 0.000000 61194.315354
-0.099987 0.000000 61251.506303
0.000013 0.000000 61365.888201
0.000000 0.000000 61384.951851
0.000011 0.000000 61423.079150
-0.099986 0.000000 61480.270099
-0.099993 0.000000 61613.715647
0.000009 0.000000 61709.033895
0.000000 0.000000 61747.161194
0.000010 0.000000 61785.288493
0.000000 0.000000 61899.670391
0.000011 0.000000 61918.734041
0.000000 0.000000 61975.924990
0.000011 0.000000 61994.988639
0.000000 0.000000 62033.115939
-0.099988 0.000000 62090.306888
0.000000 0.000000 62109.370537
0.000000 0.000000 62147.497837
-0.099995 0.000000 62166.561486
-0.099972 0.000000 62223.752435
0.000007 0.000000 62261.879734
0.000000 0.000000 62319.070683
-0.099983 0.000000 62452.516231
0.000024 0.000000 62471.579880
-0.099982 0.000000 62490.643530
-0.099990 0.000000 62509.707180
0.000000 0.000000 62528.770829
0.000000 0.000000 62566.898129
0.000010 0.000000 62624.089078
0.000000 0.000000 62681.280027
0.000000 0.000000 62719.407326
0.000011 0.000000 62738.470975
0.000014 0.000000 63005.362071
0.000013 0.000000 63024.425720
0.000000 0.000000 63062.553019
-0.099987 0.000000 63119.743968
0.000013 0.000000 63272.253166
-0.099986 0.000000 63291.316815
0.000010 0.000000 63310.380465
0.000000 0.000000 63348.507764
0.000000 0.000000 63405.698713
0.000000 0.000000 63424.762363
0.000008 0.000000 63443.826012
0.000000 0.000000 63481.953312
0.000000 0.000000 63520.080611
0.000011 0.000000 63558.207910
0.000000 0.000000 63615.398859
0.000007 0.000000 63634.462509
-0.099992 0.000000 63710.717107
0.000008 0.000000 63748.844407
0.000017 0.000000 63806.035356
-0.099990 0.000000 63939.480903
-0.099990 0.000000 63977.608202
-0.099998 0.000000 64072.926451
0.000009 0.000000 64206.371998
-0.099993 0.000000 64225.435648
0.000013 0.000000 64263.562947
-0.099993 0.000000 64282.626597
0.000014 0.000000 64301.690246
-0.099983 0.000000 64416.072144
0.000000 0.000000 64492.326743
-0.099991 0.000000 64530.454042
-0.099986 0.000000 64587.644991
0.000000 0.000000 64702.026889
0.000010 0.000000 64721.090538
0.000000 0.000000 64740.154188
-0.099987 0.000000 64778.281487
0.000000 0.000000 64854.536086
0.000009 0.000000 64892.663385
-0.099990 0.000000 65026.108933
0.000012 0.000000 65102.363531
-0.099983 0.000000 65121.427181
-0.099991 0.000000 65140.490831
0.000000 0.000000 65178.618130
0.000009 0.000000 65331.127327
-0.099991 0.000000 65388.318276
0.000017 0.000000 65426.445575
0.000008 0.000000 65445.509225
0.000000 0.000000 65540.827473
0.000000 0.000000 65598.018422
0.000011 0.000000 65636.145721
0.000013 0.000000 65655.209371
0.000013 0.000000 65693.336670
-0.099985 0.000000 65712.400320
0.000000 0.000000 65750.527619
0.000014 0.000000 65769.591269
0.000000 0.000000 65807.718568
-0.099987 0.000000 65826.782218
0.000011 0.000000 65922.100466
0.000011 0.000000 65941.164116
0.000009 0.000000 65979.291415
0.000010 0.000000 66055.546013
-0.099990 0.000000 66112.736962
0.000007 0.000000 66131.800612
0.000007 0.000000 66284.309809
0.000000 0.000000 66322.437108
0.000000 0.000000 66398.691707
0.000009 0.000000 66417.755357
-0.099989 0.000000 66455.882656
0.000011 0.000000 66474.946306
-0.099995 0.000000 66532.137254
0.000009 0.000000 66551.200904
0.000009 0.000000 66589.328203
-0.099989 0.000000 66608.391853
-0.099989 0.000000 66684.646452
-0.099992 0.000000 66741.837401
0.000009 0.000000 66779.964700
0.000011 0.000000 66818.091999
0.000006 0.000000 66837.155649
0.000012 0.000000 66875.282948
0.000009 0.000000 66894.346598
0.000010 0.000000 66913.410247
0.000022 0.000000 66932.473897
-0.099987 0.000000 66951.537547
0.000012 0.000000 67027.792145
-0.099989 0.000000 67065.919444
-0.099988 0.000000 67104.046744
0.000009 0.000000 67161.237693
0.000014 0.000000 67180.301342
-0.099987 0.000000 67199.364992
0.000010 0.000000 67218.428642
0.000009 0.000000 67275.619591
0.000000 0.000000 67294.683240
0.000011 0.000000 67351.874189
-0.099986 0.000000 67466.256087
0.000023 0.000000 67504.383386
-0.099997 0.000000 67523.447036
0.000014 0.000000 67542.510686
0.000000 0.000000 67599.701634
0.000000 0.000000 67695.019883
-0.099990 0.000000 67733.147182
0.000012 0.000000 67752.210832
0.000013 0.000000 67828.465430
0.000000 0.000000 67847.529080
0.000009 0.000000 67923.783678
-0.099989 0.000000 67961.910978
0.000007 0.000000 67980.974627
0.000008 0.000000 68000.038277
0.000010 0.000000 68019.101927
0.000010 0.000000 68038.165576
-0.099995 0.000000 68057.229226
0.000020 0.000000 68114.420175
-0.099990 0.000000 68133.483824
-0.099987 0.000000 68247.865722
0.000011 0.000000 68266.929372
0.000000 0.000000 68381.311270
0.000012 0.000000 68419.438569
-0.099983 0.000000 68438.502219
-0.099988 0.000000 68476.629518
-0.099987 0.000000 68514.756817
0.000015 0.000000 68533.820467
0.000000 0.000000 68552.884117
0.000014 0.000000 68571.947766
-0.099988 0.000000 68591.011416
0.000012 0.000000 68610.075066
-0.099989 0.000000 68629.138715
-0.099991 0.000000 68686.329664
0.000000 0.000000 68705.393314
-0.099989 0.000000 68743.520613
0.000000 0.000000 68800.711562
0.000000 0.000000 68896.029810
-0.099987 0.000000 68934.157110
-0.099986 0.000000 68972.284409
-0.099987 0.000000 69029.475358
0.000010 0.000000 69067.602657
0.000015 0.000000 69124.793606
-0.099997 0.000000 69162.920905
0.000012 0.000000 69181.984555
0.000012 0.000000 69258.239153
-0.099992 0.000000 69277.302803
0.000014 0.000000 69296.366453
-0.099988 0.000000 69315.430102
-0.099991 0.000000 69334.493752
0.000009 0.000000 69353.557402
0.000000 0.000000 69410.748351
0.000011 0.000000 69467.939300
0.000007 0.000000 69487.002949
0.000010 0.000000 69544.193898
0.000012 0.000000 69563.257548
0.000011 0.000000 69601.384847
0.000016 0.000000 69677.639446
0.000000 0.000000 69696.703095
0.000000 0.000000 69715.766745
0.000009 0.000000 69753.894044
0.000010 0.000000 69772.957694
0.000012 0.000000 69811.084993
-0.099991 0.000000 69830.148643
0.000013 0.000000 69849.212292
-0.099990 0.000000 69868.275942
-0.099986 0.000000 69925.466891
0.000000 0.000000 69944.530541
0.000012 0.000000 69963.594190
-0.099986 0.000000 70039.848789
0.000000 0.000000 70077.976088
0.000015 0.000000 70097.039738
0.000010 0.000000 70116.103387
0.000000 0.000000 70154.230687
0.000000 0.000000 70192.357986
0.000000 0.000000 70230.485285
0.000010 0.000000 70268.612585
0.000010 0.000000 70363.930833
0.000010 0.000000 70382.994482
0.000010 0.000000 70402.058132
0.000011 0.000000 70440.185431
0.000012 0.000000 70478.312731
0.000000 0.000000 70497.376380
0.000000 0.000000 70516.440030
0.000031 0.000000 70535.503680
0.000009 0.000000 70554.567329
0.000019 0.000000 70592.694628
0.000010 0.000000 70668.949227
0.000009 0.000000 70688.012877
-0.099987 0.000000 70707.076526
-0.099984 0.000000 70726.140176
0.000000 0.000000 70745.203826
-0.099991 0.000000 70802.394775
0.000009 0.000000 70878.649373
0.000012 0.000000 70897.713023
0.000011 0.000000 70916.776672
-0.099987 0.000000 70993.031271
0.000010 0.000000 71012.094921
0.000014 0.000000 71050.222220
-0.099987 0.000000 71088.349519
-0.099988 0.000000 71107.413169
0.000009 0.000000 71145.540468
0.000010 0.000000 71164.604118
-0.099987 0.000000 71183.667767
-0.099986 0.000000 71202.731417
-0.099987 0.000000 71240.858716
-0.099992 0.000000 71278.986016
0.000010 0.000000 71298.049665
0.000012 0.000000 71374.304264
0.000014 0.000000 71469.622512
0.000014 0.000000 71488.686162
-0.099989 0.000000 71526.813461
0.000013 0.000000 71564.940760
0.000005 0.000000 71603.068060
0.000000 0.000000 71622.131709
-0.099989 0.000000 71641.195359
0.000011 0.000000 71698.386308
0.000000 0.000000 71736.513607
-0.099988 0.000000 71755.577257
0.000012 0.000000 71812.768206
0.000012 0.000000 71831.831855
-0.099991 0.000000 71850.895505
0.000006 0.000000 71889.022804
0.000013 0.000000 71946.213753
0.000000 0.000000 71965.277403
0.000005 0.000000 71984.341052
0.000015 0.000000 72003.404702
0.000009 0.000000 72041.532001
0.000011 0.000000 72060.595651
0.000000 0.000000 72136.850250
-0.099998 0.000000 72155.913899
0.000006 0.000000 72174.977549
0.000014 0.000000 72213.104848
0.000010 0.000000 72232.168498
0.000009 0.000000 72251.232147
0.000020 0.000000 72308.423096
-0.099985 0.000000 72346.550396
0.000012 0.000000 72365.614045
-0.099985 0.000000 72384.677695
-0.099988 0.000000 72441.868644
0.000000 0.000000 72518.123242
0.000014 0.000000 72537.186892
0.000014 0.000000 72556.250542
0.000009 0.000000 72632.505140
-0.099987 0.000000 72765.950688
-0.099986 0.000000 72785.014337
0.000000 0.000000 72842.205286
0.000000 0.000000 72861.268936
-0.099987 0.000000 72899.396235
-0.099988 0.000000 72937.523535
-0.099991 0.000000 72956.587184
-0.099988 0.000000 72975.650834
0.000007 0.000000 72994.714483
0.000009 0.000000 73013.778133
0.000010 0.000000 73032.841783
0.000011 0.000000 73051.905432
-0.099987 0.000000 73070.969082
0.000015 0.000000 73109.096381
0.000011 0.000000 73147.223681
0.000014 0.000000 73166.287330
-0.099993 0.000000 73185.350980
0.000011 0.000000 73204.414630
0.000009 0.000000 73242.541929
0.000000 0.000000 73337.860177
0.000010 0.000000 73433.178425
0.000015 0.000000 73452.242075
0.000013 0.000000 73471.305725
-0.099984 0.000000 73490.369374
0.000014 0.000000 73509.433024
0.000015 0.000000 73528.496674
-0.099989 0.000000 73547.560323
0.000018 0.000000 73585.687622
-0.099985 0.000000 73604.751272
0.000011 0.000000 73623.814922
-0.099991 0.000000 73661.942221
0.000012 0.000000 73681.005871
0.000013 0.000000 73719.133170
-0.099986 0.000000 73776.324119
0.000014 0.000000 73795.387769
0.000018 0.000000 73871.642367
0.000011 0.000000 73890.706017
-0.099986 0.000000 74024.151564
-0.099983 0.000000 74043.215214
0.000014 0.000000 74081.342513
0.000008 0.000000 74119.469812
0.000013 0.000000 74176.660761
0.000000 0.000000 74195.724411
-0.099986 0.000000 74214.788061
-0.099988 0.000000 74310.106309
0.000000 0.000000 74329.169959
0.000009 0.000000 74348.233608
-0.099981 0.000000 74386.360907
-0.099986 0.000000 74405.424557
0.000010 0.000000 74519.806455
-0.099988 0.000000 74557.933754
0.000000 0.000000 74576.997404
0.000010 0.000000 74596.061054
-0.099989 0.000000 74615.124703
0.000000 0.000000 74672.315652
0.000010 0.000000 74691.379302
0.000011 0.000000 74748.570251
0.000007 0.000000 74767.633900
-0.099991 0.000000 74786.697550
0.000013 0.000000 74862.952149
0.000012 0.000000 74901.079448
0.000000 0.000000 74977.334046
-0.099986 0.000000 74996.397696
-0.099986 0.000000 75091.715944
-0.099988 0.000000 75129.843244
-0.099991 0.000000 75167.970543
0.000013 0.000000 75187.034192
-0.099988 0.000000 75206.097842
0.000022 0.000000 75225.161492
0.000010 0.000000 75244.225141
0.000013 0.000000 75282.352441
0.000010 0.000000 75339.543390
0.000009 0.000000 75453.925287
-0.099989 0.000000 75530.179886
0.000000 0.000000 75549.243536
0.000008 0.000000 75587.370835
0.000011 0.000000 75663.625434
0.000014 0.000000 75682.689083
0.000010 0.000000 75758.943682
0.000009 0.000000 75778.007331
0.000007 0.000000 75797.070981
0.000012 0.000000 75816.134631
0.000012 0.000000 75835.198280
-0.099987 0.000000 75892.389229
0.000013 0.000000 75949.580178
0.000017 0.000000 75987.707477
-0.099988 0.000000 76063.962076
0.000017 0.000000 76159.280324
0.000000 0.000000 76178.343974
-0.099990 0.000000 76197.407624
0.000010 0.000000 76235.534923
0.000011 0.000000 76273.662222
0.000011 0.000000 76311.789521
-0.099993 0.000000 76330.853171
-0.099986 0.000000 76483.362368
0.000013 0.000000 76597.744266
-0.099987 0.000000 76616.807916
0.000014 0.000000 76673.998865
0.000012 0.000000 76693.062514
0.000016 0.000000 76845.571711
0.000011 0.000000 76864.635361
-0.099990 0.000000 76883.699011
-0.099984 0.000000 76940.889960
0.000016 0.000000 77036.208208
0.000010 0.000000 77055.271857
0.000012 0.000000 77074.335507
-0.099984 0.000000 77093.399157
0.000012 0.000000 77112.462806
0.000020 0.000000 77131.526456
-0.099988 0.000000 77150.590106
0.000013 0.000000 77188.717405
-0.099983 0.000000 77245.908354
-0.099984 0.000000 77284.035653
-0.099989 0.000000 77303.099303
0.000013 0.000000 77322.162952
0.000000 0.000000 77341.226602
0.000017 0.000000 77360.290252
0.000014 0.000000 77379.353901
0.000012 0.000000 77398.417551
0.000010 0.000000 77436.544850
0.000011 0.000000 77455.608500
0.000016 0.000000 77493.735799
-0.099989 0.000000 77512.799449
0.000015 0.000000 77627.181347
-0.099988 0.000000 77703.435945
0.000016 0.000000 77741.563245
0.000008 0.000000 77760.626894
0.000015 0.000000 77817.817843
0.000000 0.000000 77855.945142
0.000011 0.000000 77894.072442
0.000012 0.000000 77970.327040
-0.099984 0.000000 78027.517989
0.000014 0.000000 78046.581639
0.000009 0.000000 78065.645289
0.000017 0.000000 78103.772588
-0.099987 0.000000 78122.836237
0.000013 0.000000 78218.154486
-0.099981 0.000000 78237.218135
0.000013 0.000000 78275.345435
-0.099989 0.000000 78294.409084
0.000000 0.000000 78332.536384
0.000013 0.000000 78351.600033
-0.099983 0.000000 78370.663683
0.000000 0.000000 78389.727332
-0.099989 0.000000 78408.790982
0.000000 0.000000 78427.854632
0.000012 0.000000 78465.981931
0.000012 0.000000 78485.045581
-0.099988 0.000000 78542.236530
-0.099988 0.000000 78561.300179
0.000010 0.000000 78751.936676
0.000012 0.000000 78771.000325
0.000000 0.000000 78809.127625
-0.099991 0.000000 78885.382223
0.000012 0.000000 78942.573172
0.000012 0.000000 78961.636822
0.000016 0.000000 79076.018720
-0.099987 0.000000 79152.273318
0.000011 0.000000 79190.400618
-0.099991 0.000000 79228.527917
0.000015 0.000000 79266.655216
0.000010 0.000000 79285.718866
0.000017 0.000000 79304.782515
0.000014 0.000000 79361.973464
0.000013 0.000000 79495.419012
0.000000 0.000000 79514.482661
0.000013 0.000000 79533.546311
-0.099988 0.000000 79590.737260
0.000014 0.000000 79666.991859
-0.099985 0.000000 79705.119158
-0.099987 0.000000 79781.373756
-0.099987 0.000000 79857.628355
0.000005 0.000000 79876.692005
-0.099991 0.000000 79895.755654
0.000000 0.000000 79933.882954
0.000012 0.000000 80010.137552
0.000011 0.000000 80048.264851
0.000017 0.000000 80124.519450
-0.099990 0.000000 80162.646749
0.000013 0.000000 80238.901348
0.000016 0.000000 80257.964998
0.000000 0.000000 80277.028647
-0.099988 0.000000 80353.283246
-0.099986 0.000000 80372.346895
-0.099979 0.000000 80391.410545
-0.099989 0.000000 80467.665144
0.000007 0.000000 80486.728793
-0.099995 0.000000 80524.856093
0.000013 0.000000 80601.110691
-0.099980 0.000000 80639.237990
-0.099985 0.000000 80696.428939
-0.099987 0.000000 80791.747188
-0.099984 0.000000 80810.810837
0.000014 0.000000 80887.065436
-0.099986 0.000000 80906.129085
-0.099987 0.000000 81001.447334
-0.099979 0.000000 81020.510983
-0.099991 0.000000 81134.892881
-0.099987 0.000000 81173.020180
-0.099985 0.000000 81230.211129
0.000013 0.000000 81249.274779
-0.099988 0.000000 81268.338429
0.000000 0.000000 81287.402078
-0.099984 0.000000 81306.465728
0.000016 0.000000 81363.656677
0.000011 0.000000 81401.783976
0.000007 0.000000 81420.847626
-0.099989 0.000000 81458.974925
0.000011 0.000000 81478.038575
-0.099989 0.000000 81516.165874
0.000000 0.000000 81554.293173
-0.099988 0.000000 81592.420473
-0.099987 0.000000 81630.547772
0.000014 0.000000 81649.611421
-0.099986 0.000000 81668.675071
-0.099984 0.000000 81687.738721
-0.099988 0.000000 81706.802370
-0.099984 0.000000 81783.056969
0.000000 0.000000 81954.629816
0.000013 0.000000 81973.693465
0.000013 0.000000 82069.011714
-0.099989 0.000000 82088.075363
-0.099989 0.000000 82145.266312
0.000014 0.000000 82259.648210
-0.099986 0.000000 82278.711860
0.000010 0.000000 82316.839159
0.000000 0.000000 82374.030108
0.000013 0.000000 82393.093758
-0.099985 0.000000 82431.221057
0.000017 0.000000 82545.602955
-0.099989 0.000000 82602.793904
0.000014 0.000000 82640.921203
0.000011 0.000000 82659.984853
0.000010 0.000000 82698.112152
-0.099988 0.000000 82831.557699
-0.099986 0.000000 82869.684999
-0.099988 0.000000 82945.939597
-0.099989 0.000000 83022.194196
-0.099989 0.000000 83079.385145
0.000000 0.000000 83155.639743
0.000011 0.000000 83174.703393
-0.099991 0.000000 83212.830692
0.000011 0.000000 83308.148940
0.000012 0.000000 83327.212590
0.000011 0.000000 83365.339889
-0.099984 0.000000 83384.403539
0.000012 0.000000 83403.467189
0.000008 0.000000 83460.658138
0.000000 0.000000 83479.721787
-0.099985 0.000000 83575.040035
-0.099989 0.000000 83632.230984
0.000011 0.000000 83651.294634
0.000010 0.000000 83727.549233
0.000013 0.000000 84013.503977
0.000000 0.000000 84204.140474
0.000011 0.000000 84280.395072
0.000015 0.000000 84299.458722
-0.099985 0.000000 84394.776970
0.000012 0.000000 84471.031569
0.000010 0.000000 84509.158868
0.000011 0.000000 84547.286167
-0.099985 0.000000 84585.413467
-0.099992 0.000000 84718.859014
0.000008 0.000000 84814.177262
-0.099989 0.000000 84985.750109
-0.099986 0.000000 85081.068357
-0.099987 0.000000 85119.195657
0.000010 0.000000 85138.259306
0.000014 0.000000 85271.704854
-0.099986 0.000000 85347.959452
-0.099982 0.000000 85367.023102
0.000016 0.000000 85386.086752
-0.099988 0.000000 85462.341350
0.000014 0.000000 85500.468649
0.000008 0.000000 85633.914197
-0.099986 0.000000 85786.423394
-0.099987 0.000000 85862.677993
0.000013 0.000000 85977.059890
-0.099989 0.000000 85996.123540
-0.099987 0.000000 86072.378139
-0.099987 0.000000 86282.078285
0.000011 0.000000 86301.141934
0.000013 0.000000 86339.269234
-0.099985 0.000000 86358.332883
-0.099986 0.000000 86491.778431
-0.099987 0.000000 86529.905730
0.000000 0.000000 86568.033029
0.000014 0.000000 86644.287628
0.000015 0.000000 86663.351278
0.000014 0.000000 86815.860475
0.000014 0.000000 86968.369672
0.000014 0.000000 87159.006168
0.000009 0.000000 87216.197117
0.000008 0.000000 87311.515365
0.000014 0.000000 87368.706314
0.000000 0.000000 87444.960913
-0.099991 0.000000 87483.088212
-0.099992 0.000000 87502.151862
-0.099987 0.000000 87749.979307
-0.099995 0.000000 87769.042957
0.000012 0.000000 87807.170256
0.000000 0.000000 87826.233906
-0.099998 0.000000 87883.424855
-0.099987 0.000000 87902.488504
-0.099988 0.000000 88150.315950
0.000011 0.000000 88569.716242
-0.099988 0.000000 88703.161789
-0.099990 0.000000 88836.607337
0.000017 0.000000 88931.925585
0.000000 0.000000 88970.052884
-0.099987 0.000000 89198.816680
0.000014 0.000000 89370.389527
-0.099985 0.000000 89389.453177
0.000012 0.000000 89427.580476
0.000014 0.000000 89484.771425
-0.099987 0.000000 89541.962374
-0.099988 0.000000 89561.026023
-0.099989 0.000000 89694.471571
-0.099990 0.000000 89770.726169
0.000000 0.000000 89866.044418
0.000000 0.000000 90037.617264
-0.099987 0.000000 90094.808213
0.000000 0.000000 90113.871863
0.000022 0.000000 90171.062812
-0.099999 0.000000 90209.190111
0.000012 0.000000 90342.635659
0.000009 0.000000 90457.017557
-0.099989 0.000000 90704.845002
0.000000 0.000000 90723.908652
0.000000 0.000000 90914.545148
0.000008 0.000000 90933.608798
-0.099989 0.000000 91028.927046
0.000009 0.000000 91047.990696
-0.099987 0.000000 91219.563542
-0.099985 0.000000 91276.754491
0.000000 0.000000 91333.945440
-0.099989 0.000000 91505.518287
-0.099988 0.000000 91581.772886
0.000010 0.000000 91696.154783
0.000007 0.000000 91829.600331
-0.099991 0.000000 91886.791280
-0.099989 0.000000 91943.982229
-0.099990 0.000000 91963.045878
0.000000 0.000000 92134.618725
0.000000 0.000000 92172.746024
0.000000 0.000000 92363.382521
0.000013 0.000000 92496.828068
0.000008 0.000000 92592.146317
-0.099989 0.000000 92763.719163
0.000009 0.000000 92820.910112
0.000010 0.000000 92859.037412
0.000009 0.000000 92935.292010
-0.099985 0.000000 93068.737558
-0.099989 0.000000 93087.801207
0.000000 0.000000 93354.692302
0.000016 0.000000 93430.946901
0.000013 0.000000 93488.137850
-0.099990 0.000000 93507.201499
0.000000 0.000000 93526.265149
0.000010 0.000000 93602.519748
0.000009 0.000000 93621.583397
-0.099990 0.000000 93812.219894
-0.099988 0.000000 93869.410843
0.000018 0.000000 93888.474492
0.000000 0.000000 94079.110989
0.000010 0.000000 94117.238288
-0.099988 0.000000 94174.429237
0.000013 0.000000 94269.747485
0.000007 0.000000 94346.002084
-0.099991 0.000000 94479.447631
-0.099990 0.000000 94517.574931
-0.099987 0.000000 94555.702230
0.000000 0.000000 94631.956828
-0.099986 0.000000 94708.211427
0.000012 0.000000 94765.402376
0.000000 0.000000 94822.593325
-0.099991 0.000000 94841.656975
0.000013 0.000000 95146.675369
0.000000 0.000000 95184.802668
0.000000 0.000000 95222.929967
-0.099987 0.000000 95337.311865
0.000000 0.000000 95394.502814
-0.099985 0.000000 95718.584858
-0.099983 0.000000 95813.903106
-0.099991 0.000000 96366.748946
-0.099989 0.000000 96462.067194
0.000000 0.000000 96690.830990
-0.099986 0.000000 96862.403837
-0.099992 0.000000 97319.931428
-0.099988 0.000000 97377.122377
0.000000 0.000000 97548.695224
0.000000 0.000000 97586.822523
0.000016 0.000000 97701.204421
-0.099988 0.000000 97834.649968
0.000000 0.000000 98158.732012
-0.099987 0.000000 98177.795662
0.000010 0.000000 98196.859312
0.000008 0.000000 98311.241210
0.000010 0.000000 98349.368509
-0.099989 0.000000 98578.132305
0.000009 0.000000 98635.323253
0.000000 0.000000 98806.896100
0.000012 0.000000 99054.723546
-0.099991 0.000000 99092.850845
0.000000 0.000000 99111.914495
0.000000 0.000000 99130.978144
-0.099981 0.000000 99359.741940
0.000000 0.000000 99378.805590
-0.099985 0.000000 99435.996538
-0.099990 0.000000 99569.442086
-0.099989 0.000000 99607.569385
0.000015 0.000000 99893.524130
-0.099990 0.000000 99912.587780
-0.099988 0.000000 100141.351575
0.000000 0.000000 100274.797123
0.000010 0.000000 100312.924422
0.000014 0.000000 100351.051721
0.000000 0.000000 100408.242670
0.000000 0.000000 100541.688218
0.000010 0.000000 100617.942816
0.000009 0.000000 100713.261065
0.000007 0.000000 100770.452014
0.000010 0.000000 101227.979605
-0.099996 0.000000 101323.297853
0.000010 0.000000 101342.361503
0.000011 0.000000 101399.552452
0.000000 0.000000 101418.616101
0.000012 0.000000 101475.807050
0.000000 0.000000 101666.443547
-0.099989 0.000000 101933.334642
0.000000 0.000000 101971.461941
0.000000 0.000000 101990.525591
-0.099990 0.000000 102047.716540
0.000000 0.000000 102123.971138
-0.099985 0.000000 102143.034788
-0.099983 0.000000 102162.098437
0.000000 0.000000 102314.607635
-0.099988 0.000000 102448.053182
0.000000 0.000000 102505.244131
-0.099993 0.000000 102600.562379
-0.099984 0.000000 102714.944277
0.000013 0.000000 103248.726467
0.000009 0.000000 103458.426613
-0.099983 0.000000 103725.317708
-0.099986 0.000000 103744.381358
0.000010 0.000000 103782.508657
-0.099989 0.000000 103820.635956
-0.099991 0.000000 103896.890555
0.000000 0.000000 103992.208803
0.000000 0.000000 104316.290847
-0.099987 0.000000 104468.800044
0.000000 0.000000 104659.436541
0.000013 0.000000 104792.882088
-0.099991 0.000000 104888.200336
0.000017 0.000000 104926.327636
0.000000 0.000000 105059.773183
0.000012 0.000000 105136.027782
0.000020 0.000000 105155.091431
0.000009 0.000000 105441.046176
-0.099985 0.000000 105517.300775
0.000011 0.000000 105612.619023
0.000000 0.000000 105631.682673
0.000009 0.000000 105727.000921
0.000000 0.000000 105765.128220
0.000013 0.000000 105803.255519
-0.099989 0.000000 106546.737855
-0.099989 0.000000 106565.801505
0.000004 0.000000 106718.310702
-0.099991 0.000000 106985.201797
0.000011 0.000000 107194.901943
0.000009 0.000000 107271.156542
-0.099987 0.000000 107385.538440
0.000000 0.000000 107557.111286
0.000000 0.000000 107614.302235
0.000010 0.000000 107652.429535
0.000000 0.000000 107690.556834
0.000000 0.000000 107881.193330
-0.099989 0.000000 107938.384279
-0.099992 0.000000 108014.638878
0.000012 0.000000 108071.829827
0.000009 0.000000 108129.020776
0.000011 0.000000 108338.720922
0.000008 0.000000 108414.975520
-0.099985 0.000000 108548.421068
0.000000 0.000000 108758.121214
-0.099997 0.000000 108967.821360
-0.099988 0.000000 109177.521506
0.000000 0.000000 109272.839754
0.000016 0.000000 109330.030703
-0.099991 0.000000 109387.221652
0.000000 0.000000 109406.285302
-0.099987 0.000000 109558.794499
0.000000 0.000000 109787.558295
0.000000 0.000000 109825.685594
-0.099985 0.000000 109921.003842
0.000010 0.000000 109978.194791
0.000008 0.000000 110092.576689
0.000011 0.000000 110168.831288
0.000000 0.000000 110664.486178
-0.099984 0.000000 110740.740777
0.000000 0.000000 110778.868076
-0.099988 0.000000 110816.995375
-0.099988 0.000000 110874.186324
0.000012 0.000000 110931.377273
0.000000 0.000000 111083.886470
-0.099987 0.000000 111122.013770
0.000020 0.000000 111141.077419
0.000000 0.000000 111179.204719
-0.099987 0.000000 111369.841215
0.000011 0.000000 111388.904865
0.000011 0.000000 111407.968514
0.000015 0.000000 111560.477712
0.000000 0.000000 111636.732310
0.000010 0.000000 111674.859609
0.000000 0.000000 111712.986909
0.000012 0.000000 112037.068953
0.000016 0.000000 112075.196252
-0.099989 0.000000 112189.578150
-0.099989 0.000000 112227.705449
0.000000 0.000000 112284.896398
0.000011 0.000000 112475.532894
-0.099984 0.000000 112494.596544
0.000000 0.000000 112570.851143
0.000011 0.000000 112666.169391
0.000000 0.000000 112818.678588
0.000010 0.000000 113047.442384
-0.099974 0.000000 113161.824282
0.000000 0.000000 113180.887931
0.000015 0.000000 113333.397128
-0.099987 0.000000 113428.715377
-0.099985 0.000000 113504.969975
-0.099991 0.000000 113714.670121
0.000011 0.000000 113905.306618
-0.099987 0.000000 114267.515961
-0.099978 0.000000 114286.579610
-0.099987 0.000000 114343.770559
0.000000 0.000000 114477.216107
-0.099989 0.000000 114496.279757
0.000010 0.000000 114763.170852
0.000013 0.000000 114839.425450
-0.099983 0.000000 114858.489100
0.000000 0.000000 114896.616399
0.000012 0.000000 115030.061947
-0.099989 0.000000 115049.125596
0.000000 0.000000 115144.443844
0.000012 0.000000 115201.634793
-0.099994 0.000000 115316.016691
-0.099989 0.000000 115544.780487
0.000010 0.000000 115773.544283
0.000013 0.000000 115830.735232
-0.099986 0.000000 115849.798881
-0.099990 0.000000 115887.926181
0.000000 0.000000 115964.180779
-0.099987 0.000000 116040.435378
-0.099986 0.000000 116154.817276
0.000009 0.000000 116497.962969
0.000000 0.000000 116726.726765
0.000013 0.000000 116764.854064
-0.099985 0.000000 116917.363261
-0.099987 0.000000 116936.426911
-0.099987 0.000000 116974.554210
-0.099997 0.000000 116993.617860
0.000000 0.000000 117107.999758
-0.099991 0.000000 117298.636254
-0.099986 0.000000 117660.845597
-0.099990 0.000000 117737.100196
-0.099989 0.000000 117756.163846
0.000014 0.000000 117908.673043
0.000000 0.000000 117927.736692
0.000011 0.000000 118118.373189
0.000013 0.000000 118175.564138
0.000000 0.000000 118423.391583
0.000011 0.000000 118499.646182
-0.099994 0.000000 118518.709831
-0.099988 0.000000 118537.773481
-0.099988 0.000000 118652.155379
0.000000 0.000000 118957.173773
0.000000 0.000000 119052.492021
-0.099988 0.000000 119433.765014
0.000015 0.000000 119471.892313
0.000011 0.000000 119719.719759
0.000000 0.000000 119834.101657
-0.099992 0.000000 119872.228956
0.000014 0.000000 120158.183701
0.000000 0.000000 120177.247350
-0.099992 0.000000 120425.074796
0.000000 0.000000 120444.138445
0.000012 0.000000 120463.202095
-0.099987 0.000000 120577.583993
-0.099990 0.000000 120653.838591
0.000007 0.000000 120920.729686
0.000014 0.000000 120939.793336
0.000000 0.000000 120977.920635
0.000000 0.000000 120996.984285
0.000011 0.000000 121054.175234
0.000011 0.000000 121073.238883
0.000019 0.000000 121168.557132
-0.099988 0.000000 121263.875380
-0.099987 0.000000 121282.939030
-0.099987 0.000000 121302.002679
0.000013 0.000000 121359.193628
0.000000 0.000000 121549.830125
0.000012 0.000000 121664.212022
0.000018 0.000000 121835.784869
-0.099988 0.000000 121892.975818
0.000013 0.000000 122007.357716
0.000000 0.000000 122197.994212
0.000000 0.000000 122255.185161
-0.099986 0.000000 122331.439760
-0.099991 0.000000 122464.885307
0.000000 0.000000 122560.203556
0.000008 0.000000 122598.330855
-0.099997 0.000000 122693.649103
0.000020 0.000000 122960.540198
-0.099988 0.000000 122998.667497
-0.099985 0.000000 123132.113045
0.000000 0.000000 123227.431293
0.000007 0.000000 123284.622242
0.000000 0.000000 123322.749541
0.000013 0.000000 123456.195089
-0.099989 0.000000 123627.767936
0.000000 0.000000 123723.086184
0.000012 0.000000 124085.295527
0.000014 0.000000 124142.486476
-0.099989 0.000000 124352.186622
0.000000 0.000000 124390.313921
0.000014 0.000000 124409.377571
0.000000 0.000000 124447.504870
-0.099987 0.000000 124485.632170
-0.099986 0.000000 124619.077717
0.000015 0.000000 124676.268666
0.000011 0.000000 124771.586914
0.000011 0.000000 125038.478009
0.000000 0.000000 125667.578447
0.000000 0.000000 125820.087645
0.000000 0.000000 125858.214944
-0.099986 0.000000 125896.342243
0.000015 0.000000 126544.506331
0.000011 0.000000 126563.569981
0.000000 0.000000 126601.697280
-0.099989 0.000000 126677.951879
-0.099987 0.000000 126906.715674
0.000000 0.000000 126963.906623
0.000008 0.000000 127135.479470
0.000000 0.000000 127268.925017
-0.099984 0.000000 127898.025456
0.000000 0.000000 127917.089105
-0.099990 0.000000 127993.343704
0.000000 0.000000 128069.598302
0.000000 0.000000 128546.189544
-0.099989 0.000000 128603.380492
0.000013 0.000000 128660.571441
0.000017 0.000000 128908.398887
0.000000 0.000000 129079.971734
0.000011 0.000000 129194.353631
-0.099987 0.000000 129975.963267
-0.099987 0.000000 129995.026916
-0.099987 0.000000 130128.472464
0.000000 0.000000 130433.490858
-0.099986 0.000000 130471.618157
0.000011 0.000000 130833.827501
-0.099991 0.000000 131367.609691
-0.099989 0.000000 131424.800640
0.000011 0.000000 131481.991589
-0.099992 0.000000 131520.118888
-0.099988 0.000000 131539.182538
0.000015 0.000000 131577.309837
-0.099986 0.000000 131596.373486
0.000000 0.000000 131748.882684
-0.099986 0.000000 131806.073633
-0.099988 0.000000 131863.264581
-0.099966 0.000000 132397.046771
-0.099987 0.000000 132473.301370
0.000011 0.000000 132492.365020
0.000016 0.000000 132625.810567
0.000009 0.000000 132892.701662
-0.099985 0.000000 133369.292903
-0.099986 0.000000 133578.993049
0.000000 0.000000 133674.311298
0.000010 0.000000 133693.374947
0.000000 0.000000 134150.902539
0.000008 0.000000 134379.666334
-0.099990 0.000000 134894.384875
-0.099987 0.000000 135409.103415
-0.099990 0.000000 135504.421663
0.000011 0.000000 135542.548963
-0.099993 0.000000 135847.567357
-0.099989 0.000000 135923.821955
0.000013 0.000000 136152.585751
-0.099990 0.000000 136247.903999
-0.099986 0.000000 136400.413197
0.000000 0.000000 136934.195387
0.000013 0.000000 137201.086482
-0.099988 0.000000 137334.532029
-0.099984 0.000000 137372.659328
-0.099991 0.000000 137715.805022
-0.099990 0.000000 137944.568818
0.000000 0.000000 138306.778161
0.000012 0.000000 138878.687650
-0.099988 0.000000 139221.833344
0.000000 0.000000 139279.024293
0.000000 0.000000 139412.469840
0.000000 0.000000 139812.806483
-0.099985 0.000000 140003.442979
0.000012 0.000000 140041.570278
0.000000 0.000000 140270.334074
0.000009 0.000000 140499.097870
-0.099987 0.000000 141090.071009
0.000015 0.000000 141547.598600
-0.099986 0.000000 141566.662250
0.000000 0.000000 141642.916848
-0.099987 0.000000 142138.571739
0.000011 0.000000 142252.953637
0.000018 0.000000 142367.335535
-0.099986 0.000000 142462.653783
-0.099984 0.000000 142996.435973
0.000000 0.000000 143129.881521
0.000017 0.000000 143682.727360
-0.099987 0.000000 143987.745754
0.000012 0.000000 144006.809404
0.000011 0.000000 144788.419039
-0.099984 0.000000 145531.901376
0.000012 0.000000 145589.092324
0.000000 0.000000 146008.492617
0.000009 0.000000 146561.338456
0.000009 0.000000 146656.656704
0.000014 0.000000 146961.675099
-0.099988 0.000000 147037.929697
0.000000 0.000000 147114.184296
0.000014 0.000000 147304.820792
-0.099990 0.000000 147419.202690
0.000014 0.000000 147438.266340
-0.099986 0.000000 147590.775537
0.000015 0.000000 148868.040063
0.000008 0.000000 149439.949552
-0.099989 0.000000 149554.331450
-0.099982 0.000000 149744.967947
-0.099985 0.000000 150660.023130
0.000013 0.000000 151041.296122
-0.099989 0.000000 151651.332911
0.000000 0.000000 151727.587510
-0.099988 0.000000 152146.987802
0.000000 0.000000 152261.369700
0.000000 0.000000 152356.687948
0.000008 0.000000 153176.424882
-0.099986 0.000000 153309.870430
-0.099988 0.000000 153462.379627
-0.099990 0.000000 154263.052912
0.000012 0.000000 154339.307511
-0.099986 0.000000 155101.853496
0.000009 0.000000 155216.235394
-0.099988 0.000000 155254.362694
-0.099988 0.000000 155311.553642
0.000000 0.000000 155521.253789
0.000012 0.000000 155673.762986
0.000000 0.000000 155711.890285
0.000009 0.000000 156493.499920
-0.099987 0.000000 156874.772913
-0.099988 0.000000 157446.682403
0.000000 0.000000 158285.482987
-0.099989 0.000000 158590.501381
0.000011 0.000000 159200.538170
-0.099987 0.000000 159486.492914
-0.099986 0.000000 159543.683863
0.000015 0.000000 161869.449120
0.000011 0.000000 162060.085616
0.000009 0.000000 162708.249704
0.000014 0.000000 162917.949850
0.000014 0.000000 162937.013500
0.000010 0.000000 163032.331748
0.000000 0.000000 164843.378464
0.000013 0.000000 166368.470435
0.000016 0.000000 166635.361530
0.000010 0.000000 167207.271020
0.000013 0.000000 168732.362991
0.000020 0.000000 169208.954232
0.000000 0.000000 169609.290875
0.000000 0.000000 170238.391313
-0.099990 0.000000 170829.364452
0.000000 0.000000 171039.064598
-0.099992 0.000000 171305.955693
0.000013 0.000000 171992.247080
0.000000 0.000000 172087.565328
0.000011 0.000000 179198.306645
0.000000 0.000000 179293.624894
0.000000 0.000000 179465.197740
-0.099988 0.000000 179655.834237
-0.099985 0.000000 181562.199201
0.000000 0.000000 185317.738181
0.000012 0.000000 186938.148400
0.000000 0.000000 188005.712780
-0.099984 0.000000 189168.595409
-0.099983 0.000000 189873.950445
0.000013 0.000000 191208.405920
0.000000 0.000000 195478.663441
-0.099988 0.000000 195745.554536
0.000000 0.000000 197804.428697
0.000000 0.000000 202951.614101
0.000000 0.000000 229488.214404
0.000000 0.000000 231299.261120
0.000000 0.000000 236084.237180
0.000000 0.000000 238104.984043
0.000000 0.000000 238295.620539
0.000000 0.000000 244967.897914
0.000000 0.000000 246912.390178
0.000000 0.000000 253965.940546
0.000000 0.000000 255605.414415
0.000000 0.000000 267748.959238
0.000000 0.000000 286793.545231
0.000000 0.000000 287060.436326
0.000000 0.000000 311004.380278
0.000000 0.000000 319373.322471
0.000000 0.000000 323986.725685
0.000000 0.000000 339904.873137
0.000000 0.000000 341925.619999
0.000000 0.000000 346767.787008
0.000000 0.000000 347835.351388
0.000000 0.000000 358339.422342
0.000000 0.000000 358758.822634
0.000000 0.000000 364134.771833
0.000000 0.000000 388803.134471
0.000000 0.000000 392368.036955
0.000000 0.000000 392653.991699
0.000000 0.000000 403558.399295
0.000000 0.000000 404454.390828
0.000000 0.000000 409029.666743
0.000000 0.000000 412327.678131
0.000000 0.000000 412861.460321
0.000000 0.000000 416102.280760
0.000000 0.000000 416140.408060
0.000000 0.000000 425310.023538
0.000000 0.000000 429065.562518
0.000000 0.000000 436557.576827
0.000000 0.000000 440999.407194
0.000000 0.000000 441075.661793
0.000000 0.000000 443801.763692
0.000000 0.000000 443858.954641
0.000000 0.000000 444087.718436
0.000000 0.000000 445231.537415
0.000000 0.000000 447004.456832
0.000000 0.000000 447576.366321
0.000000 0.000000 450912.505009
0.000000 0.000000 452647.297126
0.000000 0.000000 454553.662090
0.000000 0.000000 461378.448663
0.000000 0.000000 461778.785305
0.000000 0.000000 462522.267641
0.000000 0.000000 466792.525161
0.000000 0.000000 471749.074069
0.000000 0.000000 473293.229690
0.000000 0.000000 473312.293339
0.000000 0.000000 474189.221223
0.000000 0.000000 475466.485749
0.000000 0.000000 476877.195823
0.000000 0.000000 478821.688086
0.000000 0.000000 482443.781518
0.000000 0.000000 490298.005171
0.000000 0.000000 492280.624734
0.000000 0.000000 495063.917582
0.000000 0.000000 495445.190575
0.000000 0.000000 498991.029409
0.000000 0.000000 502517.804593
0.000000 0.000000 516377.077883
0.000000 0.000000 521638.645185
0.000000 0.000000 528806.577450
0.000000 0.000000 535059.454533
0.000000 0.000000 545334.761691
0.000000 0.000000 559632.498923
0.000000 0.000000 567524.849876
0.000000 0.000000 605270.876169
0.000000 0.000000 607501.323177
0.000000 0.000000 610894.652814
0.000000 0.000000 614955.210188
0.000000 0.000000 624525.162309
0.000000 0.000000 627975.682894
0.000000 0.000000 644408.548886
0.000000 0.000000 650718.616918
0.000000 0.000000 656628.348308
0.000000 0.000000 657962.803783
0.000000 0.000000 665759.836487
0.000000 0.000000 669629.757364
0.000000 0.000000 671364.549482
0.000000 0.000000 705050.018401
0.000000 0.000000 712008.250521
0.000000 0.000000 718680.527896
0.000000 0.000000 720339.065415
0.000000 0.000000 749239.558274
0.000000 0.000000 768913.244705
0.000000 0.000000 772802.229233
0.000000 0.000000 805191.369976
0.000000 0.000000 808413.126766
0.000000 0.000000 866633.512776
0.000000 0.000000 878681.739351
0.000000 0.000000 907334.404764
0.000000 0.000000 912748.481263
0.000000 0.000000 1122887.091279
0.000000 0.000000 1127309.857996
